1 0.29609375 0.8421875 0.3890625 0.315625
1 0.45390625 0.80703125 0.3453125 0.3859375
1 0.58671875 0.72421875 0.353125 0.3921875
1 0.77421875 0.66171875 0.4140625 0.4671875
1 0.8640625 0.55546875 0.271875 0.5015625
1 0.115625 0.3703125 0.23125 0.34375
1 0.57109375 0.1265625 0.3296875 0.253125
1 0.25546875 0.56875 0.365625 0.36875
1 0.203125 0.29296875 0.2828125 0.315625
1 0.31796875 0.21640625 0.28125 0.315625
1 0.43984375 0.153125 0.3046875 0.30625
1 0.6953125 0.31796875 0.3265625 0.365625
1 0.55 0.39140625 0.3328125 0.3765625
1 0.42734375 0.47109375 0.3171875 0.3515625
