1 0.090625 0.49375 0.18046875 0.696875
1 0.0484375 0.57734375 0.09375 0.584375
1 0.10078125 0.6109375 0.03984375 0.44765625
1 0.16484375 0.4859375 0.07109375 0.65078125
1 0.20390625 0.51328125 0.053125 0.671875
1 0.240625 0.52578125 0.04375 0.6328125
1 0.2875 0.5296875 0.06171875 0.63125
1 0.340625 0.47890625 0.1359375 0.69765625
1 0.44140625 0.50859375 0.05625 0.7359375
1 0.471875 0.5015625 0.0265625 0.6390625
1 0.5296875 0.4734375 0.07734375 0.61328125
1 0.58359375 0.4703125 0.06171875 0.62890625
1 0.621875 0.4546875 0.046875 0.61953125
1 0.70390625 0.4625 0.0859375 0.60390625
1 0.721875 0.50078125 0.071875 0.490625
1 0.778125 0.4828125 0.05546875 0.48984375
1 0.8125 0.46015625 0.06875 0.525
1 0.87265625 0.446875 0.0515625 0.52734375
1 0.9109375 0.4546875 0.034375 0.55703125
1 0.953125 0.43671875 0.0484375 0.475
