1 0.05390625 0.16328125 0.0640625 0.0890625
1 0.05 0.3734375 0.040625 0.05390625
1 0.0546875 0.4109375 0.040625 0.03515625
1 0.05546875 0.3078125 0.02734375 0.05859375
1 0.08125 0.4140625 0.04765625 0.03125
1 0.0953125 0.30078125 0.0484375 0.07578125
1 0.103125 0.17734375 0.05625 0.0796875
1 0.1453125 0.303125 0.05078125 0.0734375
1 0.15 0.17890625 0.05625 0.06796875
1 0.1453125 0.390625 0.02734375 0.01796875
1 0.175 0.36953125 0.0390625 0.0296875
1 0.18671875 0.3046875 0.046875 0.06796875
1 0.196875 0.1703125 0.04375 0.07578125
1 0.23359375 0.17890625 0.0515625 0.065625
1 0.2390625 0.30546875 0.0484375 0.06953125
