1 0.0140625 0.196875 0.028125 0.35703125
1 0.01875 0.67890625 0.0375 0.4609375
1 0.02109375 0.728125 0.03203125 0.45859375
1 0.0453125 0.2234375 0.0734375 0.3109375
1 0.0546875 0.72421875 0.0390625 0.47890625
1 0.0890625 0.77578125 0.03984375 0.39296875
1 0.0921875 0.2265625 0.04296875 0.31796875
1 0.1328125 0.22890625 0.0609375 0.296875
1 0.14375 0.74765625 0.05625 0.4375
1 0.1953125 0.253125 0.0703125 0.26171875
1 0.190625 0.7421875 0.0515625 0.45859375
1 0.19921875 0.7796875 0.025 0.3578125
1 0.2265625 0.78046875 0.021875 0.36328125
1 0.253125 0.259375 0.04609375 0.26328125
1 0.24765625 0.78671875 0.0203125 0.37265625
1 0.27265625 0.75703125 0.0296875 0.4625
1 0.29375 0.25 0.03828125 0.28671875
1 0.3 0.8015625 0.02734375 0.3734375
1 0.3171875 0.7953125 0.01953125 0.3515625
1 0.35703125 0.2328125 0.090625 0.3359375
1 0.34453125 0.78125 0.0328125 0.390625
1 0.365625 0.75234375 0.025 0.453125
1 0.3875 0.7984375 0.0140625 0.3578125
1 0.4078125 0.82109375 0.0203125 0.31640625
1 0.41328125 0.26015625 0.03125 0.27109375
1 0.43203125 0.81171875 0.00859375 0.321875
1 0.43828125 0.2546875 0.01640625 0.2640625
1 0.46796875 0.7875 0.0671875 0.37890625
1 0.46171875 0.2828125 0.02421875 0.23203125
1 0.48828125 0.2890625 0.0375 0.22890625
1 0.509375 0.82578125 0.0296875 0.30703125
1 0.51875 0.2765625 0.025 0.25625
1 0.5609375 0.76484375 0.08671875 0.4390625
1 0.5390625 0.8015625 0.040625 0.33984375
1 0.578125 0.23203125 0.103125 0.33359375
1 0.60078125 0.79375 0.06171875 0.37890625
1 0.64140625 0.790625 0.0546875 0.38125
1 0.65546875 0.24375 0.0671875 0.3140625
1 0.66328125 0.7859375 0.04375 0.396875
1 0.67265625 0.76953125 0.04375 0.41953125
1 0.7078125 0.7875 0.059375 0.4
1 0.70859375 0.2359375 0.03828125 0.3296875
1 0.7359375 0.27109375 0.028125 0.2421875
1 0.7625 0.8015625 0.06640625 0.35546875
1 0.75703125 0.2375 0.03828125 0.35546875
1 0.7953125 0.27734375 0.0484375 0.27578125
1 0.7921875 0.81875 0.03515625 0.3359375
1 0.821875 0.8859375 0.0390625 0.178125
1 0.840625 0.2703125 0.06875 0.26953125
1 0.85546875 0.82734375 0.0953125 0.2875
1 0.8734375 0.26875 0.0390625 0.27734375
1 0.89375 0.2671875 0.046875 0.275
1 0.93125 0.79765625 0.08671875 0.35546875
1 0.91796875 0.83125 0.05625 0.2828125
1 0.92421875 0.2671875 0.0515625 0.2734375
1 0.94140625 0.23828125 0.0796875 0.33828125
1 0.97421875 0.2515625 0.04765625 0.30859375
1 0.97890625 0.80703125 0.03828125 0.30703125
1 0.990625 0.74375 0.015625 0.18359375
