1 0.2046875 0.70625 0.10859375 0.0359375
1 0.225 0.6703125 0.14765625 0.034375
1 0.21484375 0.659375 0.12578125 0.034375
1 0.21875 0.63359375 0.13359375 0.03125
1 0.2171875 0.64375 0.12734375 0.03203125
1 0.2015625 0.74375 0.0921875 0.0296875
1 0.209375 0.72578125 0.10859375 0.028125
1 0.3546875 0.69140625 0.17734375 0.0609375
1 0.3640625 0.628125 0.14765625 0.028125
1 0.365625 0.64375 0.1453125 0.02734375
1 0.36875 0.615625 0.14609375 0.025
1 0.375 0.6015625 0.13203125 0.0296875
1 0.51484375 0.603125 0.10078125 0.0578125
1 0.5171875 0.8625 0.10234375 0.04296875
1 0.5265625 0.878125 0.121875 0.0515625
1 0.6359375 0.5828125 0.12734375 0.0203125
1 0.6375 0.5734375 0.12734375 0.021875
1 0.6359375 0.59609375 0.121875 0.02265625
