1 0.18671875 0.82265625 0.046875 0.04453125
1 0.1890625 0.765625 0.040625 0.04140625
1 0.190625 0.709375 0.0421875 0.0390625
1 0.19296875 0.65234375 0.04609375 0.046875
1 0.19609375 0.59609375 0.040625 0.04140625
1 0.2 0.5421875 0.0421875 0.04296875
1 0.2453125 0.825 0.0421875 0.04296875
1 0.2484375 0.77109375 0.04765625 0.04453125
1 0.24921875 0.7109375 0.04609375 0.0390625
1 0.2515625 0.59375 0.04375 0.04453125
1 0.2515625 0.65390625 0.0421875 0.04140625
1 0.25625 0.54296875 0.04375 0.0390625
1 0.3046875 0.828125 0.0453125 0.04453125
1 0.30625 0.76953125 0.04765625 0.04140625
1 0.3109375 0.6578125 0.0515625 0.05078125
1 0.31015625 0.7125 0.04609375 0.04453125
1 0.31171875 0.6 0.046875 0.04140625
1 0.3140625 0.54140625 0.0421875 0.0390625
1 0.36640625 0.8328125 0.04765625 0.0484375
1 0.36796875 0.771875 0.0484375 0.04140625
1 0.36796875 0.71484375 0.0453125 0.04453125
1 0.37109375 0.60078125 0.04296875 0.04296875
1 0.371875 0.54921875 0.0453125 0.03671875
1 0.371875 0.6578125 0.0453125 0.040625
1 0.4265625 0.77734375 0.04765625 0.04453125
1 0.428125 0.60078125 0.05 0.04296875
1 0.42890625 0.71796875 0.04765625 0.040625
1 0.428125 0.83671875 0.04375 0.0453125
1 0.4296875 0.659375 0.040625 0.04296875
1 0.43203125 0.5484375 0.04609375 0.040625
1 0.4890625 0.71796875 0.05078125 0.04296875
1 0.4890625 0.8375 0.05078125 0.040625
1 0.490625 0.778125 0.0453125 0.04296875
1 0.4921875 0.60625 0.046875 0.04296875
1 0.49296875 0.54921875 0.0453125 0.04140625
1 0.55 0.84296875 0.05 0.0453125
1 0.55078125 0.78046875 0.0484375 0.0453125
1 0.5515625 0.55 0.046875 0.04296875
1 0.553125 0.72421875 0.0484375 0.05234375
1 0.553125 0.66484375 0.05 0.0453125
1 0.55390625 0.6078125 0.046875 0.0484375
1 0.6109375 0.7234375 0.0484375 0.04296875
1 0.6140625 0.78359375 0.05390625 0.04453125
1 0.61328125 0.84140625 0.0484375 0.05234375
1 0.73828125 0.60703125 0.0390625 0.04140625
1 0.7390625 0.65859375 0.03984375 0.0390625
1 0.73984375 0.71875 0.0421875 0.04140625
1 0.73984375 0.775 0.0421875 0.04453125
1 0.73984375 0.83203125 0.0421875 0.05234375
