1 0.07578125 0.54375 0.0734375 0.43046875
1 0.2203125 0.928125 0.32109375 0.13828125
1 0.134375 0.4921875 0.0421875 0.5578125
1 0.1578125 0.5125 0.03984375 0.5546875
1 0.18515625 0.54453125 0.0359375 0.54296875
1 0.2328125 0.53984375 0.0515625 0.5796875
1 0.259375 0.55625 0.0375 0.584375
1 0.30390625 0.5203125 0.06171875 0.70078125
1 0.3109375 0.5875 0.028125 0.628125
1 0.3625 0.5515625 0.06953125 0.76796875
1 0.46171875 0.54296875 0.15546875 0.79296875
1 0.46171875 0.565625 0.090625 0.78984375
1 0.4859375 0.58515625 0.0734375 0.82109375
1 0.51640625 0.5984375 0.0625 0.79765625
1 0.5640625 0.58203125 0.10625 0.8296875
1 0.6296875 0.56328125 0.08984375 0.86484375
1 0.7015625 0.525 0.1546875 0.93515625
1 0.81171875 0.53203125 0.25 0.9296875
