1 0.03203125 0.6 0.04296875 0.5546875
1 0.07109375 0.6078125 0.0390625 0.51953125
1 0.10546875 0.61484375 0.0390625 0.52890625
1 0.1390625 0.5953125 0.03828125 0.54453125
1 0.21953125 0.5015625 0.0859375 0.671875
1 0.30625 0.54609375 0.05 0.62890625
1 0.353125 0.53125 0.046875 0.58828125
1 0.40625 0.5296875 0.046875 0.61328125
1 0.4484375 0.5328125 0.03984375 0.6078125
1 0.50625 0.5296875 0.0765625 0.646875
1 0.55859375 0.5296875 0.0296875 0.62109375
1 0.60078125 0.525 0.046875 0.60390625
1 0.6375 0.52265625 0.02734375 0.615625
1 0.67578125 0.515625 0.0484375 0.63515625
1 0.72578125 0.48515625 0.0359375 0.65234375
1 0.75625 0.48046875 0.0328125 0.65625
1 0.78828125 0.48046875 0.03203125 0.64296875
1 0.82578125 0.52421875 0.0421875 0.5640625
1 0.8703125 0.5078125 0.04375 0.58046875
1 0.91328125 0.5078125 0.03125 0.55234375
1 0.9546875 0.4984375 0.05625 0.56640625
1 0.990625 0.50625 0.0140625 0.54921875
