1 0.04765625 0.11875 0.0796875 0.14296875
1 0.0578125 0.271875 0.09296875 0.1390625
1 0.0640625 0.4109375 0.0875 0.13125
1 0.06796875 0.5453125 0.090625 0.13828125
1 0.0703125 0.6890625 0.084375 0.12890625
1 0.15625 0.26171875 0.08203125 0.13515625
1 0.16171875 0.4078125 0.075 0.125
1 0.1578125 0.11875 0.0625 0.13828125
1 0.1671875 0.5375 0.08125 0.12109375
1 0.24609375 0.265625 0.08203125 0.14296875
1 0.2484375 0.41015625 0.08203125 0.13046875
1 0.33046875 0.1140625 0.0828125 0.12890625
1 0.33359375 0.2609375 0.075 0.12890625
1 0.340625 0.40546875 0.0765625 0.1234375
