1 0.02265625 0.12421875 0.034375 0.09921875
1 0.071875 0.121875 0.0375 0.09375
1 0.0875 0.26484375 0.0484375 0.10546875
1 0.11484375 0.121875 0.04375 0.10546875
1 0.14375 0.2609375 0.046875 0.1109375
1 0.165625 0.1234375 0.0390625 0.0890625
1 0.19765625 0.26171875 0.04375 0.096875
1 0.2125 0.1203125 0.03515625 0.09921875
1 0.25078125 0.26171875 0.0421875 0.1125
1 0.30234375 0.2625 0.04765625 0.10078125
1 0.3484375 0.2640625 0.04609375 0.10703125
1 0.39375 0.2671875 0.03828125 0.0921875
1 0.4328125 0.2734375 0.01640625 0.0890625
1 0.64921875 0.40234375 0.06171875 0.1171875
1 0.70625 0.40078125 0.0515625 0.1140625
1 0.7328125 0.27265625 0.034375 0.0875
1 0.7875 0.271875 0.0390625 0.0890625
1 0.8375 0.2671875 0.05078125 0.0984375
1 0.8953125 0.26328125 0.05 0.09375
1 0.95 0.2625 0.05 0.10703125
1 0.9671875 0.125 0.040625 0.0984375
