1 0.053125 0.3578125 0.0359375 0.04453125
1 0.0921875 0.4625 0.03515625 0.06875
1 0.10625 0.33515625 0.0390625 0.0609375
1 0.1078125 0.2828125 0.0375 0.05234375
1 0.11796875 0.39296875 0.02421875 0.04921875
1 0.1265625 0.4578125 0.0359375 0.06640625
1 0.865625 0.56171875 0.06875 0.08984375
1 0.8609375 0.68046875 0.0484375 0.06640625
1 0.88203125 0.42578125 0.03828125 0.04921875
1 0.8953125 0.68515625 0.03984375 0.0625
1 0.91484375 0.5796875 0.05546875 0.0546875
1 0.909375 0.42890625 0.034375 0.0609375
1 0.92890625 0.684375 0.0421875 0.08203125
1 0.94453125 0.5828125 0.034375 0.0453125
1 0.9484375 0.428125 0.0421875 0.0625
1 0.95625 0.6953125 0.04375 0.06015625
1 0.9734375 0.58671875 0.040625 0.040625
1 0.98046875 0.42734375 0.03515625 0.05703125
