1 0.45 0.5953125 0.03125 0.046875
1 0.5234375 0.6703125 0.0328125 0.05625
1 0.525 0.721875 0.0328125 0.0484375
1 0.53203125 0.61640625 0.03125 0.053125
1 0.553125 0.72890625 0.03046875 0.0546875
1 0.559375 0.6234375 0.034375 0.053125
1 0.584375 0.6859375 0.03046875 0.05859375
1 0.58984375 0.62578125 0.0328125 0.0484375
1 0.61875 0.690625 0.0359375 0.05625
1 0.621875 0.634375 0.028125 0.053125
1 0.65546875 0.63828125 0.03203125 0.05703125
1 0.6890625 0.64296875 0.0375 0.0546875
1 0.73359375 0.790625 0.040625 0.0703125
1 0.734375 0.65390625 0.03515625 0.06015625
1 0.740625 0.7203125 0.04765625 0.06484375
1 0.76484375 0.6625 0.040625 0.06640625
1 0.778125 0.7328125 0.03984375 0.0609375
1 0.82890625 0.7390625 0.05078125 0.07421875
1 0.83515625 0.67265625 0.04296875 0.0609375
