1 0.009375 0.546875 0.01875 0.90078125
1 0.0375 0.54609375 0.0328125 0.9015625
1 0.059375 0.546875 0.0203125 0.90078125
1 0.09453125 0.5484375 0.03828125 0.89765625
1 0.1515625 0.546875 0.0484375 0.90078125
1 0.178125 0.55234375 0.05078125 0.88984375
1 0.1984375 0.54609375 0.0453125 0.9015625
1 0.22578125 0.54921875 0.04609375 0.89609375
1 0.25390625 0.546875 0.0296875 0.90078125
1 0.275 0.54296875 0.03046875 0.9078125
1 0.303125 0.5375 0.0359375 0.91953125
1 0.32734375 0.5359375 0.0375 0.9078125
1 0.3515625 0.54296875 0.02734375 0.9078125
1 0.3765625 0.540625 0.03125 0.9125
1 0.409375 0.540625 0.0328125 0.91328125
1 0.45234375 0.540625 0.028125 0.91328125
1 0.48828125 0.53671875 0.0296875 0.92109375
1 0.51328125 0.53515625 0.0359375 0.92421875
1 0.56328125 0.5296875 0.05 0.934375
1 0.590625 0.5296875 0.03125 0.934375
1 0.61953125 0.53515625 0.0359375 0.92421875
1 0.64375 0.53203125 0.0390625 0.9265625
1 0.66953125 0.5328125 0.04375 0.928125
1 0.68828125 0.5265625 0.0375 0.94140625
1 0.715625 0.52421875 0.040625 0.94609375
1 0.73671875 0.52421875 0.034375 0.94609375
1 0.7625 0.52421875 0.03125 0.94609375
1 0.79609375 0.51875 0.028125 0.95625
1 0.809375 0.5171875 0.02734375 0.9484375
1 0.82890625 0.51953125 0.0203125 0.9546875
1 0.8671875 0.5171875 0.03515625 0.96015625
1 0.8953125 0.521875 0.0265625 0.95
1 0.9140625 0.51953125 0.0328125 0.9546875
1 0.9515625 0.51953125 0.03515625 0.9546875
