1 0.1171875 0.2140625 0.103125 0.18828125
1 0.2953125 0.54140625 0.421875 0.17734375
1 0.3015625 0.83984375 0.3890625 0.19375
1 0.20390625 0.2046875 0.11640625 0.21875
1 0.30859375 0.2203125 0.103125 0.20859375
1 0.3890625 0.2296875 0.0875 0.165625
1 0.68359375 0.7953125 0.33203125 0.1921875
1 0.6765625 0.5015625 0.3109375 0.1921875
1 0.62578125 0.1109375 0.17890625 0.128125
1 0.62421875 0.17578125 0.14375 0.078125
1 0.91484375 0.65234375 0.05859375 0.128125
1 0.9265625 0.478125 0.0546875 0.10390625
1 0.9578125 0.24609375 0.06875 0.115625
1 0.97578125 0.64609375 0.04375 0.13203125
