1 0.10859375 0.784375 0.2171875 0.128125
1 0.11171875 0.928125 0.2234375 0.140625
1 0.18828125 0.471875 0.3765625 0.125
1 0.19140625 0.3203125 0.3828125 0.12109375
1 0.09453125 0.62578125 0.18828125 0.13125
1 0.19453125 0.15546875 0.37421875 0.1203125
1 0.5203125 0.7484375 0.91796875 0.49921875
1 0.64921875 0.478125 0.45625 0.12109375
1 0.653125 0.31953125 0.46015625 0.10625
1 0.671875 0.15234375 0.478125 0.12109375
1 0.765625 0.6296875 0.16796875 0.11640625
1 0.80078125 0.79453125 0.21171875 0.1375
1 0.8125 0.934375 0.1640625 0.128125
