1 0.05234375 0.10234375 0.07734375 0.128125
1 0.1140625 0.109375 0.0546875 0.128125
1 0.16796875 0.1078125 0.0640625 0.13515625
1 0.221875 0.121875 0.04765625 0.1078125
1 0.26640625 0.13515625 0.04375 0.09140625
1 0.30234375 0.14296875 0.0421875 0.0765625
1 0.34609375 0.1421875 0.0515625 0.09609375
1 0.390625 0.13828125 0.05625 0.103125
1 0.43671875 0.153125 0.03515625 0.08828125
1 0.475 0.15546875 0.0421875 0.08984375
1 0.5109375 0.16171875 0.0296875 0.0734375
1 0.54375 0.15546875 0.04296875 0.06953125
1 0.590625 0.1703125 0.04609375 0.0984375
1 0.62734375 0.165625 0.04609375 0.08984375
1 0.66328125 0.1765625 0.03984375 0.08515625
