1 0.1328125 0.465625 0.078125 0.85546875
1 0.20625 0.46484375 0.08203125 0.83359375
1 0.26640625 0.46328125 0.0734375 0.890625
1 0.321875 0.465625 0.078125 0.92578125
1 0.3953125 0.46328125 0.0671875 0.921875
1 0.44609375 0.47109375 0.08671875 0.93203125
1 0.4953125 0.4828125 0.07109375 0.90078125
1 0.56328125 0.515625 0.128125 0.7890625
1 0.6265625 0.48671875 0.1046875 0.8515625
1 0.671875 0.50078125 0.1078125 0.79296875
1 0.73125 0.5 0.1609375 0.8515625
1 0.896875 0.5265625 0.1609375 0.81640625
1 0.9359375 0.4625 0.125 0.8140625
