1 0.08046875 0.27734375 0.1609375 0.1796875
1 0.16328125 0.75546875 0.26171875 0.34609375
1 0.19921875 0.4796875 0.21484375 0.2125
1 0.2125 0.290625 0.17265625 0.1734375
1 0.375 0.77421875 0.2265625 0.3140625
1 0.37578125 0.4828125 0.17578125 0.2171875
1 0.5125 0.29765625 0.14140625 0.1421875
1 0.5546875 0.48671875 0.1796875 0.21875
1 0.5890625 0.76328125 0.21484375 0.328125
1 0.65234375 0.2890625 0.165625 0.16171875
1 0.71328125 0.47734375 0.1984375 0.22265625
1 0.784375 0.7484375 0.2375 0.303125
