1 0.50078125 0.6609375 0.01953125 0.0515625
1 0.50234375 0.59140625 0.0203125 0.0484375
1 0.50546875 0.5296875 0.02421875 0.05703125
1 0.50625 0.46953125 0.01875 0.05
1 0.528125 0.61171875 0.0171875 0.05859375
1 0.5359375 0.459375 0.0296875 0.06875
1 0.53359375 0.67890625 0.0203125 0.06171875
1 0.5359375 0.534375 0.0234375 0.0484375
1 0.571875 0.46328125 0.03046875 0.06484375
1 0.5734375 0.54140625 0.0328125 0.06171875
1 0.57265625 0.621875 0.0265625 0.05859375
1 0.5765625 0.70546875 0.02734375 0.053125
1 0.60859375 0.7203125 0.03203125 0.06171875
1 0.6109375 0.6296875 0.03125 0.07734375
1 0.61640625 0.4703125 0.03125 0.06875
1 0.62421875 0.55390625 0.028125 0.075
1 0.6640625 0.646875 0.040625 0.0765625
1 0.66484375 0.74765625 0.0375 0.07890625
1 0.6703125 0.5640625 0.03203125 0.065625
1 0.67421875 0.46875 0.0359375 0.08046875
1 0.72578125 0.77109375 0.046875 0.09375
1 0.73125 0.57578125 0.0484375 0.08359375
1 0.7359375 0.47265625 0.04609375 0.08671875
1 0.73359375 0.67578125 0.03984375 0.08515625
1 0.82109375 0.5953125 0.059375 0.08828125
1 0.825 0.478125 0.0671875 0.08515625
1 0.91015625 0.6171875 0.05859375 0.10234375
1 0.9359375 0.48203125 0.08203125 0.10703125
