1 0.03828125 0.325 0.07578125 0.128125
1 0.046875 0.74765625 0.09375 0.14375
1 0.2140625 0.278125 0.209375 0.11796875
1 0.20625 0.54140625 0.18828125 0.12421875
1 0.2109375 0.3859375 0.1921875 0.08984375
1 0.19296875 0.74765625 0.07734375 0.10234375
1 0.37109375 0.66015625 0.20625 0.11328125
1 0.41015625 0.81171875 0.11015625 0.12421875
1 0.540625 0.6484375 0.05078125 0.05859375
1 0.58046875 0.74921875 0.09921875 0.10546875
1 0.8109375 0.771875 0.23671875 0.1234375
1 0.96484375 0.7828125 0.065625 0.1
