1 0.225 0.83515625 0.07890625 0.04296875
1 0.78984375 0.865625 0.0359375 0.0234375
1 0.8359375 0.86328125 0.05078125 0.02890625
1 0.8375 0.709375 0.01875 0.05078125
1 0.8390625 0.75390625 0.015625 0.03359375
1 0.86328125 0.86875 0.0390625 0.02734375
1 0.85859375 0.75234375 0.0140625 0.03125
1 0.8640625 0.709375 0.0140625 0.05078125
1 0.87578125 0.8375 0.03515625 0.021875
1 0.88359375 0.76015625 0.021875 0.03671875
1 0.9015625 0.875 0.0546875 0.02578125
1 0.884375 0.7078125 0.01875 0.040625
1 0.928125 0.83828125 0.04375 0.03125
1 0.934375 0.88203125 0.0390625 0.0140625
1 0.95390625 0.790625 0.034375 0.0640625
1 0.9609375 0.84375 0.0328125 0.02109375
1 0.9671875 0.8890625 0.03984375 0.02578125
1 0.98828125 0.84765625 0.01953125 0.0234375
