1 0.09296875 0.278125 0.09296875 0.10625
1 0.0765625 0.409375 0.053125 0.071875
1 0.078125 0.51953125 0.0484375 0.11328125
1 0.125 0.55234375 0.0484375 0.0515625
1 0.12421875 0.4078125 0.0421875 0.08359375
1 0.22578125 0.5359375 0.0828125 0.071875
1 0.21328125 0.396875 0.0515625 0.11171875
1 0.2359375 0.2890625 0.09765625 0.078125
1 0.26953125 0.44375 0.053125 0.0296875
1 0.27734375 0.54375 0.01171875 0.06015625
1 0.85078125 0.44453125 0.05 0.03671875
1 0.8921875 0.29765625 0.1140625 0.075
1 0.89375 0.54921875 0.08515625 0.0453125
1 0.9046875 0.44140625 0.0734375 0.0234375
