1 0.36328125 0.5015625 0.1640625 0.6984375
1 0.4734375 0.51640625 0.053125 0.7015625
1 0.54609375 0.52890625 0.09765625 0.65859375
1 0.58203125 0.53671875 0.1109375 0.6453125
1 0.61796875 0.5609375 0.115625 0.66484375
1 0.65390625 0.5703125 0.0890625 0.628125
1 0.721875 0.584375 0.0984375 0.59765625
1 0.7484375 0.59609375 0.0609375 0.603125
1 0.7765625 0.5875 0.0296875 0.59296875
1 0.81953125 0.603125 0.0625 0.603125
1 0.86015625 0.60625 0.04375 0.57421875
1 0.915625 0.62890625 0.06875 0.61640625
1 0.96796875 0.63203125 0.0578125 0.59609375
