1 0.1046875 0.80234375 0.03125 0.1234375
1 0.73125 0.19921875 0.01484375 0.19609375
1 0.75625 0.221875 0.0171875 0.165625
1 0.76875 0.215625 0.01953125 0.1640625
1 0.79140625 0.23515625 0.0203125 0.15390625
1 0.8078125 0.2375 0.021875 0.1671875
1 0.82890625 0.234375 0.0203125 0.140625
1 0.85390625 0.23515625 0.0203125 0.15703125
1 0.86875 0.24609375 0.01171875 0.1171875
1 0.88828125 0.23203125 0.01640625 0.15859375
1 0.90859375 0.2390625 0.0109375 0.17890625
1 0.92890625 0.23125 0.015625 0.1484375
1 0.94609375 0.225 0.0140625 0.171875
1 0.96796875 0.22890625 0.01875 0.1703125
1 0.9875 0.21796875 0.0203125 0.15390625
