1 0.03125 0.5796875 0.053125 0.4515625
1 0.06640625 0.61640625 0.0625 0.490625
1 0.10078125 0.6109375 0.040625 0.48984375
1 0.1390625 0.5328125 0.06171875 0.6578125
1 0.18203125 0.540625 0.03203125 0.63125
1 0.2484375 0.49609375 0.05078125 0.75546875
1 0.29609375 0.49375 0.0359375 0.75
1 0.33515625 0.47578125 0.0625 0.78515625
1 0.384375 0.4703125 0.0671875 0.78671875
1 0.43828125 0.459375 0.0640625 0.77890625
1 0.44140625 0.5046875 0.0375 0.78515625
1 0.525 0.4546875 0.1234375 0.85546875
1 0.5640625 0.5171875 0.06875 0.71328125
1 0.64296875 0.48046875 0.065625 0.77890625
1 0.69609375 0.571875 0.084375 0.6078125
1 0.7625 0.57421875 0.071875 0.65625
1 0.8484375 0.603125 0.10234375 0.53359375
1 0.92890625 0.6109375 0.053125 0.5859375
