1 0.11328125 0.9171875 0.1078125 0.1515625
1 0.121875 0.1140625 0.1046875 0.18671875
1 0.14140625 0.41796875 0.12890625 0.04375
1 0.17890625 0.81640625 0.096875 0.16484375
1 0.2015625 0.35390625 0.0734375 0.125
1 0.22578125 0.6234375 0.096875 0.08828125
1 0.2359375 0.121875 0.084375 0.1703125
1 0.246875 0.75625 0.084375 0.18359375
1 0.25859375 0.34140625 0.0875 0.153125
1 0.28828125 0.5359375 0.0734375 0.1546875
1 0.35625 0.15625 0.05390625 0.13671875
1 0.371875 0.37109375 0.05078125 0.03125
1 0.4 0.8609375 0.0390625 0.1546875
1 0.41328125 0.178125 0.0625 0.10625
1 0.46171875 0.321875 0.0484375 0.1
1 0.46953125 0.1796875 0.05 0.10625
1 0.5765625 0.21171875 0.0390625 0.0765625
