2 0.1875 0.8125 0.3578125 0.0515625
2 0.1890625 0.70234375 0.3609375 0.04609375
2 0.1921875 0.75078125 0.359375 0.0453125
2 0.19453125 0.871875 0.35859375 0.02890625
2 0.20078125 0.96640625 0.35625 0.05625
2 0.18828125 0.53515625 0.31953125 0.05234375
2 0.18828125 0.615625 0.3015625 0.04609375
2 0.3953125 0.69609375 0.0359375 0.4
2 0.43359375 0.69296875 0.0296875 0.403125
2 0.471875 0.69765625 0.0296875 0.45078125
2 0.5125 0.69453125 0.03125 0.43203125
2 0.56953125 0.67890625 0.0421875 0.38125
2 0.6421875 0.6984375 0.0453125 0.43984375
