1 0.1921875 0.4578125 0.05 0.0765625
1 0.19140625 0.36640625 0.0328125 0.08046875
1 0.228125 0.375 0.025 0.06328125
1 0.24296875 0.4609375 0.03125 0.053125
1 0.2609375 0.38046875 0.02734375 0.04140625
1 0.39296875 0.440625 0.03203125 0.03203125
1 0.3890625 0.3171875 0.02265625 0.05859375
1 0.4015625 0.3890625 0.02265625 0.04140625
1 0.41484375 0.31875 0.0203125 0.0671875
1 0.428125 0.38671875 0.02421875 0.0484375
1 0.43046875 0.3234375 0.0203125 0.06484375
1 0.43125 0.4421875 0.01640625 0.046875
1 0.49140625 0.33515625 0.01640625 0.0515625
1 0.496875 0.39296875 0.01484375 0.03984375
1 0.4984375 0.43671875 0.0109375 0.01640625
1 0.50625 0.340625 0.0171875 0.05
