1 0.06328125 0.23359375 0.12578125 0.0765625
1 0.0640625 0.3109375 0.128125 0.07421875
1 0.2984375 0.275 0.10234375 0.12890625
1 0.290625 0.38828125 0.078125 0.1328125
1 0.3015625 0.48203125 0.09296875 0.15390625
1 0.3953125 0.15390625 0.115625 0.06796875
1 0.384375 0.33125 0.06640625 0.08203125
1 0.3859375 0.23828125 0.0671875 0.07578125
1 0.3828125 0.4140625 0.05859375 0.09375
1 0.465625 0.2328125 0.07890625 0.071875
1 0.471875 0.39375 0.08671875 0.0765625
1 0.478125 0.3171875 0.0953125 0.0640625
1 0.5359375 0.6921875 0.07421875 0.0640625
1 0.5734375 0.646875 0.09765625 0.05078125
1 0.60703125 0.41328125 0.14921875 0.053125
1 0.60859375 0.2390625 0.1390625 0.071875
1 0.6109375 0.3203125 0.13984375 0.07578125
1 0.615625 0.15234375 0.1375 0.1015625
1 0.6765625 0.503125 0.06171875 0.0296875
1 0.70234375 0.3921875 0.04609375 0.071875
1 0.709375 0.2390625 0.01875 0.05859375
1 0.7234375 0.30859375 0.0171875 0.06015625
1 0.9265625 0.31171875 0.01953125 0.02734375
1 0.96015625 0.28984375 0.065625 0.0640625
1 0.9671875 0.2203125 0.06171875 0.04140625
1 0.9625 0.3359375 0.02421875 0.02890625
