1 0.0609375 0.778125 0.071875 0.1421875
1 0.1 0.19296875 0.12578125 0.1796875
1 0.10625 0.48203125 0.1140625 0.18203125
1 0.20234375 0.22109375 0.06953125 0.12265625
1 0.23515625 0.4765625 0.10546875 0.1796875
1 0.31640625 0.7671875 0.09375 0.16640625
1 0.371875 0.4921875 0.096875 0.1484375
1 0.41953125 0.20546875 0.1125 0.1640625
1 0.40703125 0.759375 0.06953125 0.15078125
1 0.496875 0.75859375 0.11796875 0.1421875
1 0.4953125 0.48828125 0.103125 0.16953125
1 0.5203125 0.2375 0.07421875 0.1265625
1 0.62265625 0.209375 0.1203125 0.19296875
1 0.615625 0.48203125 0.10234375 0.18203125
1 0.60078125 0.78828125 0.05546875 0.1078125
1 0.678125 0.77734375 0.071875 0.12265625
1 0.72421875 0.49375 0.096875 0.1578125
1 0.740625 0.2046875 0.115625 0.196875
1 0.88125 0.240625 0.075 0.11328125
1 0.90390625 0.4984375 0.10625 0.15234375
