1 0.053125 0.21796875 0.10546875 0.1890625
1 0.059375 0.4609375 0.11015625 0.15625
1 0.1671875 0.22109375 0.12890625 0.17734375
1 0.1671875 0.46953125 0.103125 0.16015625
1 0.2828125 0.47265625 0.125 0.16171875
1 0.2921875 0.225 0.10859375 0.15859375
1 0.4125 0.47890625 0.10234375 0.16171875
1 0.43359375 0.2359375 0.11328125 0.16953125
1 0.50703125 0.4671875 0.0859375 0.15625
1 0.5484375 0.2359375 0.1078125 0.1796875
1 0.59921875 0.475 0.10078125 0.1578125
1 0.67578125 0.2375 0.1234375 0.17578125
1 0.71171875 0.4828125 0.1 0.15625
1 0.80625 0.4859375 0.07890625 0.16171875
1 0.8328125 0.246875 0.109375 0.16015625
1 0.9046875 0.4765625 0.084375 0.140625
1 0.93359375 0.2578125 0.0953125 0.15078125
1 0.97265625 0.48359375 0.0453125 0.13671875
