1 0.49609375 0.8 0.8953125 0.07109375
1 0.49609375 0.94375 0.88984375 0.06640625
1 0.50390625 0.896875 0.9 0.04609375
1 0.50546875 0.8578125 0.884375 0.04765625
1 0.4890625 0.665625 0.8375 0.075
1 0.49609375 0.75625 0.84453125 0.0640625
1 0.5140625 0.72265625 0.84765625 0.03515625
1 0.4875 0.27421875 0.7796875 0.06875
1 0.48125 0.3296875 0.76171875 0.06328125
1 0.46640625 0.22578125 0.7234375 0.0890625
1 0.50234375 0.51171875 0.78984375 0.0375
1 0.50390625 0.4078125 0.78671875 0.04375
1 0.50390625 0.621875 0.7796875 0.0421875
1 0.4890625 0.14375 0.74296875 0.01953125
1 0.49453125 0.45859375 0.7546875 0.065625
1 0.49609375 0.365625 0.75703125 0.0359375
1 0.50234375 0.57734375 0.7703125 0.05
1 0.47890625 0.1703125 0.71796875 0.040625
1 0.4890625 0.65859375 0.7359375 0.03828125
1 0.5046875 0.54609375 0.75 0.02734375
1 0.49375 0.05546875 0.7140625 0.05078125
1 0.4859375 0.10625 0.684375 0.0453125
