1 0.0390625 0.49296875 0.0296875 0.0453125
1 0.0515625 0.4578125 0.028125 0.0453125
1 0.07109375 0.3921875 0.04375 0.0671875
1 0.0765625 0.48671875 0.028125 0.05390625
1 0.0875 0.453125 0.0265625 0.0515625
1 0.11484375 0.48828125 0.02421875 0.0515625
1 0.11875 0.4578125 0.01171875 0.03671875
1 0.13359375 0.459375 0.0140625 0.040625
1 0.153125 0.4953125 0.02421875 0.03984375
1 0.15546875 0.4578125 0.0265625 0.0421875
1 0.16484375 0.39765625 0.02734375 0.05703125
1 0.1828125 0.49140625 0.01953125 0.0484375
1 0.18984375 0.44765625 0.0265625 0.03984375
1 0.20234375 0.4921875 0.01640625 0.04375
1 0.215625 0.40625 0.028125 0.0453125
1 0.22578125 0.45546875 0.0296875 0.046875
1 0.2390625 0.4890625 0.025 0.05
1 0.42109375 0.5296875 0.03984375 0.07890625
