1 0.5765625 0.10859375 0.065625 0.128125
1 0.05 0.4796875 0.08671875 0.1984375
1 0.05390625 0.68046875 0.08984375 0.18828125
1 0.07578125 0.26796875 0.090625 0.18984375
1 0.15390625 0.7015625 0.0671875 0.14140625
1 0.17109375 0.88203125 0.09453125 0.1984375
1 0.15859375 0.4984375 0.05546875 0.1375
1 0.184375 0.29921875 0.06640625 0.1359375
1 0.2125 0.08828125 0.071875 0.15703125
1 0.22421875 0.72734375 0.04765625 0.1109375
1 0.2609375 0.8921875 0.07421875 0.17421875
1 0.3109375 0.09765625 0.0546875 0.14453125
1 0.346875 0.9078125 0.0609375 0.14296875
1 0.38359375 0.10390625 0.04765625 0.121875
1 0.490625 0.88828125 0.08125 0.18203125
1 0.5125 0.09453125 0.06171875 0.14140625
1 0.5703125 0.9078125 0.0546875 0.13984375
1 0.6828125 0.90859375 0.05859375 0.14140625
1 0.71171875 0.08828125 0.0734375 0.17265625
1 0.7578125 0.265625 0.0953125 0.1953125
1 0.740625 0.90390625 0.05390625 0.134375
1 0.79765625 0.10234375 0.0609375 0.134375
1 0.8375 0.29765625 0.059375 0.14921875
1 0.8671875 0.8984375 0.06640625 0.1359375
1 0.896875 0.29375 0.05859375 0.125
