1 0.0140625 0.4671875 0.02734375 0.33203125
1 0.0171875 0.8609375 0.034375 0.27265625
1 0.271875 0.10234375 0.53984375 0.2046875
1 0.03984375 0.85625 0.0390625 0.28203125
1 0.040625 0.4703125 0.0359375 0.3453125
1 0.06953125 0.8640625 0.04609375 0.265625
1 0.06875 0.471875 0.0375 0.3359375
1 0.0875 0.8640625 0.0484375 0.25625
1 0.10078125 0.4671875 0.0328125 0.3359375
1 0.10859375 0.86796875 0.046875 0.24375
1 0.12734375 0.46640625 0.028125 0.33359375
1 0.1359375 0.87109375 0.03828125 0.24921875
1 0.15546875 0.47265625 0.0296875 0.3375
1 0.159375 0.8671875 0.0359375 0.2421875
1 0.17421875 0.8828125 0.02421875 0.22890625
1 0.18046875 0.46875 0.03125 0.33046875
1 0.1984375 0.875 0.021875 0.24375
1 0.2046875 0.46953125 0.0125 0.33203125
1 0.2203125 0.8734375 0.02265625 0.2390625
1 0.21796875 0.47109375 0.00625 0.33515625
1 0.22734375 0.4703125 0.0140625 0.31875
1 0.24375 0.87734375 0.01953125 0.2390625
1 0.2453125 0.47578125 0.01875 0.32890625
1 0.25859375 0.88203125 0.0296875 0.23046875
1 0.25703125 0.48125 0.0046875 0.3375
1 0.275 0.4765625 0.02421875 0.315625
1 0.28828125 0.88359375 0.028125 0.22421875
1 0.30078125 0.48046875 0.0234375 0.315625
1 0.30703125 0.8859375 0.0125 0.22265625
1 0.3265625 0.4828125 0.0234375 0.3203125
1 0.325 0.8859375 0.01484375 0.22265625
1 0.340625 0.8828125 0.0171875 0.22890625
1 0.34453125 0.48046875 0.0125 0.32265625
1 0.3609375 0.47734375 0.03046875 0.33203125
1 0.3625 0.89765625 0.02265625 0.19921875
1 0.38203125 0.4734375 0.0203125 0.32421875
1 0.38125 0.9015625 0.009375 0.1875
1 0.39765625 0.48125 0.01953125 0.32890625
1 0.415625 0.4875 0.015625 0.32890625
1 0.428125 0.484375 0.0125 0.3171875
1 0.4390625 0.49375 0.021875 0.32890625
1 0.4625 0.48203125 0.01640625 0.31875
1 0.49921875 0.48984375 0.0296875 0.33359375
1 0.5203125 0.4953125 0.01484375 0.33359375
1 0.5359375 0.47734375 0.01953125 0.30234375
1 0.54765625 0.4859375 0.0078125 0.30546875
1 0.57734375 0.48125 0.05078125 0.3140625
1 0.59765625 0.8671875 0.009375 0.259375
1 0.61328125 0.4796875 0.03125 0.321875
1 0.6140625 0.8703125 0.0046875 0.25390625
1 0.63515625 0.875 0.0125 0.24375
1 0.64921875 0.4765625 0.040625 0.31875
1 0.65546875 0.8828125 0.01953125 0.22890625
1 0.67265625 0.47734375 0.02265625 0.3171875
1 0.6859375 0.875 0.01484375 0.24453125
1 0.6984375 0.4734375 0.02734375 0.32421875
1 0.7015625 0.88671875 0.01484375 0.22109375
1 0.7203125 0.47578125 0.021875 0.32890625
1 0.725 0.88046875 0.02265625 0.2328125
1 0.73671875 0.496875 0.01484375 0.309375
1 0.75078125 0.88359375 0.0328125 0.22734375
1 0.75703125 0.48984375 0.01640625 0.32734375
1 0.775 0.8796875 0.02265625 0.234375
1 0.803125 0.1125 0.06875 0.225
1 0.7875 0.4984375 0.03046875 0.315625
1 0.7984375 0.8828125 0.0171875 0.22890625
1 0.825 0.10859375 0.0703125 0.2140625
1 0.81796875 0.48046875 0.03203125 0.29765625
1 0.81484375 0.8875 0.00859375 0.21953125
1 0.82890625 0.88828125 0.0140625 0.2171875
1 0.8578125 0.10625 0.06328125 0.2125
1 0.8421875 0.4953125 0.0296875 0.3125
1 0.8546875 0.88671875 0.02421875 0.22109375
1 0.86015625 0.49453125 0.0203125 0.29609375
1 0.88984375 0.10703125 0.06171875 0.2140625
1 0.87421875 0.49296875 0.021875 0.2859375
1 0.88203125 0.8859375 0.03046875 0.2078125
1 0.8953125 0.1109375 0.04765625 0.22109375
1 0.90546875 0.103125 0.0328125 0.20625
1 0.9 0.49375 0.0203125 0.2921875
1 0.90390625 0.89375 0.0125 0.20625
1 0.91484375 0.5 0.0265625 0.2921875
1 0.9265625 0.88671875 0.025 0.22109375
1 0.9265625 0.10703125 0.02265625 0.2140625
1 0.934375 0.50703125 0.02734375 0.2625
1 0.93828125 0.10703125 0.028125 0.2140625
1 0.953125 0.11171875 0.025 0.2234375
1 0.96015625 0.88671875 0.03125 0.22109375
1 0.975 0.50859375 0.04609375 0.2625
1 0.97109375 0.10625 0.0265625 0.2125
1 0.990625 0.8875 0.015625 0.21953125
