1 0.140015625 0.30485937500000004 0.238046875 0.50603125
1 0.35128125 0.29028125 0.23928124999999997 0.5025937500000001
1 0.5380625 0.26756250000000004 0.18451562500000002 0.395421875
1 0.7051406250000001 0.26156250000000003 0.19484375 0.45028125
1 0.26965625000000004 0.73978125 0.1685625 0.40404687499999997
1 0.10921875 0.761734375 0.1835 0.41332812499999994
1 0.417 0.73978125 0.17240625 0.41432812500000005
1 0.577453125 0.72071875 0.17706249999999998 0.419890625
1 0.729359375 0.724015625 0.17471874999999998 0.4270625
1 0.8889687500000001 0.7219375 0.183484375 0.428921875
1 0.8733281249999999 0.31710937499999997 0.19225 0.40553125
1 0.708890625 0.2668125 0.21004687500000002 0.47270312499999995
