1 0.117890625 0.7406875 0.181953125 0.348484375
1 0.2984375 0.746328125 0.1756875 0.34240624999999997
1 0.459015625 0.73721875 0.20871875 0.324171875
1 0.651640625 0.7801875 0.22864062500000001 0.389265625
1 0.857375 0.779875 0.23489062500000002 0.417390625
1 0.2038125 0.17203125 0.187140625 0.28504687500000003
1 0.780125 0.17281249999999998 0.1810625 0.275890625
1 0.254703125 0.433125 0.230625 0.242234375
1 0.352109375 0.16985937499999998 0.14009375 0.250984375
1 0.48978124999999995 0.16312500000000002 0.16693750000000002 0.26603125
1 0.636546875 0.15817187500000002 0.146796875 0.272765625
1 0.760921875 0.444640625 0.169015625 0.294234375
1 0.598515625 0.43274999999999997 0.16578125 0.30848437500000003
1 0.45271875 0.43790625 0.17965625000000002 0.285515625
