1 0.11796875 0.49296875 0.2359375 0.4203125
1 0.196875 0.596875 0.3359375 0.384375
1 0.33671875 0.6765625 0.3546875 0.3890625
1 0.4734375 0.79140625 0.421875 0.4171875
1 0.6453125 0.8296875 0.4875 0.340625
1 0.4296875 0.1265625 0.35625 0.253125
1 0.8796875 0.37734375 0.240625 0.3359375
1 0.33046875 0.31015625 0.3546875 0.3578125
1 0.5546875 0.15078125 0.29375 0.3015625
1 0.675 0.21171875 0.3203125 0.3453125
1 0.80078125 0.2875 0.303125 0.334375
1 0.74921875 0.5953125 0.309375 0.3453125
1 0.61953125 0.496875 0.315625 0.35625
1 0.49453125 0.421875 0.325 0.3546875
