1 0.059375 0.83046875 0.11796875 0.1375
1 0.17109375 0.74765625 0.06328125 0.16875
1 0.23203125 0.765625 0.06171875 0.15625
1 0.24140625 0.65703125 0.07734375 0.09921875
1 0.290625 0.7234375 0.06171875 0.14765625
1 0.3296875 0.68828125 0.0640625 0.140625
1 0.3390625 0.8078125 0.0765625 0.07109375
1 0.396875 0.81953125 0.05390625 0.065625
1 0.421875 0.6734375 0.0859375 0.190625
1 0.4359375 0.8328125 0.06875 0.07109375
1 0.48671875 0.7484375 0.075 0.15625
1 0.54453125 0.8015625 0.0578125 0.15078125
1 0.61640625 0.76875 0.078125 0.19765625
