1 0.028125 0.1109375 0.05625 0.221875
1 0.053125 0.36015625 0.10546875 0.26171875
1 0.12109375 0.684375 0.2421875 0.4
1 0.1875 0.34765625 0.1875 0.2578125
1 0.19609375 0.10546875 0.18671875 0.2109375
1 0.328125 0.678125 0.21875 0.42734375
1 0.34375 0.1421875 0.15 0.18203125
1 0.378125 0.365625 0.2140625 0.2734375
1 0.49375 0.1125 0.13203125 0.225
1 0.57421875 0.69765625 0.209375 0.40859375
1 0.58359375 0.353125 0.21015625 0.25625
1 0.6203125 0.13984375 0.12890625 0.196875
1 0.79921875 0.703125 0.28203125 0.42734375
1 0.759375 0.1390625 0.096875 0.19921875
1 0.83984375 0.08828125 0.1109375 0.1765625
1 0.93125 0.709375 0.1328125 0.40859375
1 0.9359375 0.25234375 0.12421875 0.18984375
1 0.96953125 0.08359375 0.0578125 0.16640625
