1 0.2171875 0.4734375 0.0296875 0.0609375
1 0.25078125 0.471875 0.0328125 0.05078125
1 0.2765625 0.28671875 0.03515625 0.06796875
1 0.28046875 0.3796875 0.04296875 0.071875
1 0.278125 0.19375 0.03125 0.046875
1 0.28046875 0.090625 0.02734375 0.05625
1 0.2953125 0.4765625 0.03828125 0.0546875
1 0.36796875 0.3796875 0.10625 0.07421875
1 0.440625 0.1859375 0.0375 0.05859375
1 0.4515625 0.4734375 0.03828125 0.0609375
1 0.46015625 0.38125 0.04375 0.0640625
1 0.4859375 0.2828125 0.03984375 0.06640625
1 0.4859375 0.0828125 0.0375 0.06640625
1 0.49453125 0.571875 0.03984375 0.0625
1 0.49296875 0.19453125 0.0265625 0.0453125
1 0.503125 0.46953125 0.0359375 0.0609375
1 0.5078125 0.38046875 0.03515625 0.06484375
1 0.621875 0.17890625 0.1703125 0.0875
1 0.6546875 0.47109375 0.03125 0.05703125
1 0.6671875 0.5796875 0.034375 0.0546875
1 0.7 0.3796875 0.0359375 0.05625
1 0.71171875 0.578125 0.0359375 0.05234375
1 0.709375 0.4703125 0.0265625 0.0546875
1 0.725 0.2828125 0.03515625 0.06015625
1 0.7328125 0.0796875 0.03828125 0.0703125
1 0.73828125 0.1859375 0.0328125 0.05859375
