1 0.33046875 0.18125 0.0984375 0.08203125
1 0.33515625 0.259375 0.078125 0.084375
1 0.3515625 0.33671875 0.08984375 0.07109375
1 0.3546875 0.4140625 0.0828125 0.08046875
1 0.4140625 0.18203125 0.0640625 0.065625
1 0.42265625 0.24453125 0.06328125 0.0671875
1 0.43203125 0.31171875 0.07109375 0.071875
1 0.5046875 0.16015625 0.0984375 0.07109375
1 0.51328125 0.23046875 0.10234375 0.08203125
1 0.6984375 0.2078125 0.253125 0.065625
1 0.603125 0.11015625 0.04296875 0.06015625
1 0.64296875 0.11328125 0.0421875 0.0609375
1 0.68984375 0.1046875 0.03828125 0.06484375
1 0.76640625 0.096875 0.046875 0.06484375
1 0.81328125 0.09296875 0.0453125 0.090625
1 0.8625 0.09453125 0.0546875 0.07421875
1 0.90234375 0.09765625 0.04296875 0.0734375
1 0.94453125 0.10703125 0.04765625 0.0671875
1 0.98046875 0.1046875 0.03515625 0.07109375
