1 0.115625 0.1890625 0.021875 0.17578125
1 0.13515625 0.19140625 0.02421875 0.22421875
1 0.16796875 0.190625 0.0328125 0.196875
1 0.3328125 0.196875 0.034375 0.19140625
1 0.3765625 0.196875 0.03125 0.18984375
1 0.4078125 0.22265625 0.0171875 0.125
1 0.42578125 0.2265625 0.00625 0.12265625
1 0.4359375 0.228125 0.01484375 0.12890625
1 0.45703125 0.2171875 0.025 0.140625
1 0.47890625 0.2109375 0.02265625 0.14609375
1 0.49921875 0.2171875 0.0234375 0.16640625
1 0.5140625 0.2046875 0.02421875 0.16640625
