1 0.03515625 0.384375 0.0703125 0.4078125
1 0.0671875 0.3484375 0.0296875 0.4703125
1 0.090625 0.35703125 0.028125 0.44765625
1 0.125 0.3359375 0.046875 0.48671875
1 0.1515625 0.38125 0.03125 0.42578125
1 0.18671875 0.35703125 0.0703125 0.53125
1 0.23125 0.3734375 0.0296875 0.48203125
1 0.25234375 0.3265625 0.01640625 0.56796875
1 0.275 0.353125 0.0421875 0.5296875
1 0.35859375 0.33125 0.12578125 0.57421875
1 0.4171875 0.38203125 0.12421875 0.47265625
1 0.45546875 0.43359375 0.121875 0.41171875
1 0.59296875 0.396875 0.13125 0.47109375
1 0.73125 0.43203125 0.12421875 0.44296875
1 0.83046875 0.334375 0.08125 0.66796875
1 0.9015625 0.334375 0.0734375 0.66796875
