1 0.2203125 0.5765625 0.01171875 0.07578125
1 0.23828125 0.578125 0.02109375 0.06484375
1 0.259375 0.57890625 0.01796875 0.07421875
1 0.27890625 0.5828125 0.015625 0.08203125
1 0.2953125 0.575 0.01328125 0.06640625
1 0.31171875 0.575 0.0171875 0.071875
1 0.33046875 0.57890625 0.0078125 0.07421875
1 0.34453125 0.58125 0.01171875 0.071875
1 0.36484375 0.58046875 0.01328125 0.0703125
1 0.38125 0.58046875 0.0296875 0.08359375
1 0.403125 0.58359375 0.01171875 0.078125
1 0.41796875 0.57890625 0.01328125 0.0875
1 0.43671875 0.584375 0.0171875 0.078125
1 0.45859375 0.58046875 0.02578125 0.08359375
