1 0.121875 0.1375 0.1734375 0.2171875
1 0.1515625 0.74296875 0.1078125 0.21875
1 0.16015625 0.4953125 0.0859375 0.15859375
1 0.27421875 0.11796875 0.17578125 0.21875
1 0.25625 0.7484375 0.1203125 0.22734375
1 0.2609375 0.49609375 0.1015625 0.1390625
1 0.35 0.5046875 0.0890625 0.15546875
1 0.378125 0.75625 0.10546875 0.20078125
1 0.4484375 0.11640625 0.1640625 0.2125
1 0.44296875 0.5015625 0.09453125 0.146875
1 0.49765625 0.746875 0.13203125 0.209375
1 0.5609375 0.4921875 0.11796875 0.16875
1 0.6046875 0.11953125 0.14921875 0.2125
1 0.6046875 0.753125 0.0984375 0.20390625
1 0.66953125 0.51171875 0.10625 0.12578125
1 0.7203125 0.746875 0.125 0.209375
1 0.7453125 0.1328125 0.15234375 0.19765625
1 0.75859375 0.50625 0.10859375 0.14921875
1 0.85703125 0.74609375 0.16875 0.17890625
1 0.8890625 0.1421875 0.1984375 0.1609375
1 0.84921875 0.50078125 0.1125 0.1484375
1 0.9359375 0.4984375 0.1171875 0.140625
