1 0.48984375 0.37578125 0.05 0.10390625
1 0.49296875 0.86484375 0.05546875 0.20625
1 0.49375 0.115625 0.05859375 0.14609375
1 0.49453125 0.62734375 0.059375 0.159375
1 0.49453125 0.5140625 0.0578125 0.14609375
1 0.49765625 0.74375 0.06328125 0.17890625
1 0.496875 0.24609375 0.0578125 0.1203125
1 0.6046875 0.87734375 0.134375 0.234375
1 0.60625 0.75234375 0.13203125 0.26640625
1 0.60703125 0.578125 0.13203125 0.2140625
1 0.60859375 0.3890625 0.13359375 0.1625
1 0.60703125 0.06484375 0.1265625 0.1296875
1 0.61015625 0.18515625 0.1296875 0.203125
