1 0.0890625 0.3890625 0.0171875 0.02890625
1 0.090625 0.4390625 0.01875 0.01015625
1 0.0921875 0.51640625 0.0203125 0.0140625
1 0.09296875 0.4703125 0.02265625 0.009375
1 0.10078125 0.55859375 0.015625 0.015625
1 0.1078125 0.5046875 0.01953125 0.0140625
1 0.1109375 0.434375 0.0171875 0.0171875
1 0.1109375 0.4671875 0.0171875 0.0078125
1 0.11328125 0.38671875 0.0171875 0.0234375
1 0.11640625 0.55625 0.015625 0.02109375
1 0.13203125 0.46640625 0.02421875 0.01328125
1 0.13125 0.43359375 0.01953125 0.01796875
1 0.1296875 0.509375 0.015625 0.0140625
1 0.13125 0.3859375 0.0171875 0.025
1 0.13828125 0.553125 0.01875 0.0140625
1 0.16328125 0.39375 0.0140625 0.0328125
1 0.175 0.55078125 0.02421875 0.05234375
1 0.178125 0.5859375 0.025 0.0390625
1 0.17578125 0.39296875 0.0140625 0.02578125
1 0.18046875 0.6296875 0.01953125 0.0453125
1 0.1984375 0.390625 0.0171875 0.03359375
1 0.228125 0.43125 0.0765625 0.04921875
1 0.240625 0.384375 0.0578125 0.0375
1 0.2453125 0.54765625 0.015625 0.0484375
1 0.24921875 0.5921875 0.015625 0.0390625
1 0.25078125 0.6296875 0.01484375 0.0453125
1 0.2625 0.540625 0.02734375 0.04140625
1 0.26640625 0.59140625 0.0203125 0.03671875
1 0.2671875 0.63203125 0.02265625 0.040625
1 0.80234375 0.51640625 0.05546875 0.071875
1 0.8078125 0.70078125 0.0671875 0.0625
1 0.80859375 0.61875 0.06875 0.0484375
1 0.809375 0.77890625 0.0578125 0.06484375
1 0.8296875 0.428125 0.0546875 0.0546875
1 0.8796875 0.50625 0.0359375 0.06875
1 0.88203125 0.43125 0.0296875 0.0484375
1 0.91328125 0.5296875 0.04609375 0.0453125
1 0.9484375 0.78203125 0.0171875 0.05859375
1 0.95 0.6953125 0.01484375 0.05234375
1 0.95234375 0.61328125 0.015625 0.05234375
