1 0.22109375 0.38203125 0.128125 0.13125
1 0.23515625 0.665625 0.12109375 0.1265625
1 0.25859375 0.528125 0.1484375 0.12890625
1 0.43828125 0.3515625 0.1328125 0.1171875
1 0.4421875 0.6640625 0.128125 0.125
1 0.4828125 0.5109375 0.13125 0.13671875
1 0.6078125 0.3453125 0.1265625 0.13828125
1 0.67890625 0.5125 0.1359375 0.1546875
1 0.7609375 0.32265625 0.1234375 0.12734375
1 0.7546875 0.6421875 0.09296875 0.084375
1 0.8703125 0.64375 0.10859375 0.115625
1 0.884375 0.49296875 0.10625 0.1265625
1 0.89765625 0.31640625 0.1234375 0.125
