1 0.3453125 0.58359375 0.021875 0.0625
1 0.34765625 0.68671875 0.0140625 0.08203125
1 0.3609375 0.696875 0.009375 0.06875
1 0.36796875 0.5765625 0.0140625 0.0875
1 0.38125 0.70859375 0.02421875 0.09921875
1 0.38515625 0.571875 0.01484375 0.09375
1 0.39921875 0.7171875 0.0125 0.0953125
1 0.4 0.56796875 0.015625 0.09375
1 0.41796875 0.57109375 0.025 0.10546875
1 0.4171875 0.72578125 0.01640625 0.13671875
1 0.4359375 0.56328125 0.0125 0.103125
1 0.4421875 0.74375 0.02421875 0.1390625
1 0.45 0.5546875 0.01484375 0.11484375
1 0.45078125 0.3421875 0.0125 0.13046875
1 0.46328125 0.75703125 0.02265625 0.1625
1 0.4625 0.315625 0.01640625 0.1546875
1 0.465625 0.54453125 0.0171875 0.13515625
1 0.48046875 0.3109375 0.01171875 0.13671875
1 0.48125 0.52265625 0.0140625 0.16796875
1 0.4890625 0.77265625 0.0203125 0.19375
1 0.5015625 0.52109375 0.0234375 0.17734375
1 0.4984375 0.265625 0.01484375 0.17734375
1 0.5328125 0.78203125 0.0828125 0.2046875
1 0.51875 0.25 0.01953125 0.1875
1 0.53515625 0.49921875 0.0453125 0.2125
1 0.55625 0.23125 0.07421875 0.19140625
1 0.571875 0.49140625 0.0640625 0.22265625
1 0.5953125 0.4921875 0.03046875 0.22890625
1 0.609375 0.12578125 0.01953125 0.2359375
1 0.66640625 0.83203125 0.13359375 0.27109375
1 0.62421875 0.490625 0.03203125 0.24453125
1 0.62421875 0.12265625 0.015625 0.21328125
1 0.640625 0.103125 0.01171875 0.20546875
1 0.65078125 0.87734375 0.03046875 0.23984375
1 0.65859375 0.090625 0.02421875 0.18125
1 0.6765625 0.871875 0.05390625 0.2515625
1 0.6609375 0.465625 0.0203125 0.2640625
1 0.68046875 0.08125 0.0265625 0.1625
1 0.69453125 0.8796875 0.04609375 0.2359375
1 0.6859375 0.4765625 0.021875 0.24453125
1 0.7015625 0.07421875 0.015625 0.1484375
1 0.71171875 0.4625 0.02734375 0.26328125
1 0.7671875 0.85546875 0.134375 0.28359375
1 0.721875 0.06171875 0.03046875 0.1234375
1 0.74375 0.04765625 0.0203125 0.0953125
1 0.76015625 0.425 0.05390625 0.32421875
1 0.7546875 0.9046875 0.0328125 0.18515625
1 0.7609375 0.03359375 0.025 0.0671875
1 0.7875 0.43828125 0.05078125 0.30625
1 0.7765625 0.025 0.021875 0.05
1 0.7984375 0.8921875 0.0359375 0.209375
1 0.80703125 0.0140625 0.0265625 0.028125
1 0.88828125 0.8578125 0.16484375 0.26015625
1 0.81875 0.4109375 0.02265625 0.3453125
1 0.834375 0.91015625 0.03515625 0.17421875
1 0.8484375 0.3921875 0.034375 0.37734375
1 0.86015625 0.4125 0.0328125 0.34140625
1 0.88125 0.9125 0.0671875 0.1703125
1 0.88046875 0.4 0.0265625 0.34921875
1 0.93515625 0.8765625 0.05 0.2421875
1 0.92109375 0.36875 0.02265625 0.40625
1 0.971875 0.3140625 0.03515625 0.50546875
1 0.978125 0.8859375 0.0390625 0.22265625
