1 0.04921875 0.2578125 0.07890625 0.115625
1 0.053125 0.42109375 0.07109375 0.11875
1 0.0578125 0.728125 0.0765625 0.11484375
1 0.2515625 0.24296875 0.0984375 0.115625
1 0.253125 0.4296875 0.10234375 0.0953125
1 0.2609375 0.61875 0.09765625 0.11328125
1 0.2640625 0.7890625 0.10078125 0.10703125
1 0.26640625 0.95 0.10078125 0.09375
1 0.5453125 0.18046875 0.1109375 0.1703125
1 0.5453125 0.4109375 0.109375 0.15
1 0.54765625 0.62109375 0.10546875 0.1703125
1 0.9640625 0.10703125 0.06875 0.2140625
1 0.965625 0.3875 0.0640625 0.190625
1 0.9671875 0.67421875 0.0625 0.2140625
