1 0.0046875 0.009375 0.009375 0.01796875
1 0.00859375 0.115625 0.0171875 0.1484375
1 0.01328125 0.27421875 0.0265625 0.11875
1 0.01640625 0.4203125 0.0328125 0.109375
1 0.0109375 0.5453125 0.01953125 0.05625
1 0.0171875 0.009375 0.01484375 0.01796875
1 0.03046875 0.27265625 0.03046875 0.12890625
1 0.02578125 0.11328125 0.0109375 0.140625
1 0.03203125 0.0109375 0.015625 0.021875
1 0.04375 0.11875 0.0140625 0.13671875
1 0.05234375 0.0140625 0.0234375 0.028125
1 0.0625 0.4140625 0.03125 0.12265625
1 0.06796875 0.2734375 0.03828125 0.13046875
1 0.05625 0.12109375 0.0125 0.1328125
1 0.08203125 0.12265625 0.0390625 0.1328125
1 0.0984375 0.275 0.03203125 0.13125
1 0.121875 0.01875 0.0140625 0.0375
1 0.13046875 0.1328125 0.0203125 0.11484375
1 0.13203125 0.28671875 0.015625 0.1015625
1 0.13671875 0.01953125 0.021875 0.0390625
1 0.1421875 0.12890625 0.02421875 0.12265625
1 0.1359375 0.3859375 0.009375 0.053125
1 0.14375 0.290625 0.01171875 0.1
1 0.14609375 0.38125 0.0109375 0.0328125
1 0.15625 0.021875 0.0171875 0.04296875
1 0.16171875 0.13125 0.028125 0.1265625
1 0.15703125 0.290625 0.0125 0.0953125
1 0.159375 0.378125 0.01171875 0.025
1 0.1734375 0.021875 0.01484375 0.04296875
1 0.1828125 0.13359375 0.02734375 0.1265625
1 0.1875 0.021875 0.015625 0.04375
1 0.20625 0.14140625 0.0203125 0.1234375
1 0.20546875 0.02421875 0.0109375 0.0484375
1 0.21953125 0.13671875 0.028125 0.12265625
1 0.221875 0.0265625 0.01171875 0.053125
1 0.23515625 0.15 0.02734375 0.10390625
1 0.24296875 0.028125 0.01953125 0.05625
1 0.26015625 0.1578125 0.034375 0.1
1 0.2609375 0.0296875 0.015625 0.059375
1 0.278125 0.03046875 0.0203125 0.0609375
1 0.2875 0.16015625 0.021875 0.1015625
1 0.29765625 0.028125 0.01875 0.05625
1 0.303125 0.1546875 0.02265625 0.11328125
1 0.3171875 0.01640625 0.015625 0.0328125
1 0.3921875 0.03828125 0.0203125 0.0765625
1 0.415625 0.040625 0.0265625 0.078125
1 0.428125 0.18125 0.02265625 0.071875
1 0.43046875 0.29765625 0.01484375 0.0953125
1 0.434375 0.04140625 0.01875 0.0828125
1 0.440625 0.1734375 0.01953125 0.09765625
1 0.44765625 0.30546875 0.02265625 0.07421875
1 0.45546875 0.0453125 0.0203125 0.090625
1 0.46171875 0.171875 0.01484375 0.10703125
1 0.47265625 0.0515625 0.0140625 0.0796875
1 0.47265625 0.18125 0.0140625 0.07265625
1 0.484375 0.04296875 0.021875 0.0859375
1 0.76875 0.42265625 0.01171875 0.053125
1 0.771875 0.21328125 0.0125 0.07265625
1 0.771875 0.315625 0.0125 0.07421875
1 0.7765625 0.40625 0.0171875 0.07578125
1 0.7765625 0.0953125 0.009375 0.08203125
1 0.7796875 0.01484375 0.0140625 0.0296875
1 0.78515625 0.3125 0.009375 0.06484375
1 0.78828125 0.2125 0.015625 0.07578125
1 0.790625 0.1 0.0109375 0.08359375
1 0.790625 0.40390625 0.0109375 0.06015625
1 0.7953125 0.31640625 0.0140625 0.07265625
1 0.7953125 0.0171875 0.01484375 0.03359375
1 0.80390625 0.215625 0.01171875 0.07421875
1 0.8015625 0.10703125 0.0046875 0.06484375
1 0.809375 0.10625 0.01484375 0.06875
1 0.81015625 0.021875 0.01640625 0.04296875
1 0.80859375 0.31171875 0.01171875 0.0640625
1 0.82265625 0.11484375 0.0109375 0.0625
1 0.82421875 0.215625 0.0140625 0.06875
1 0.828125 0.021875 0.0140625 0.04296875
1 0.8375 0.1171875 0.0125 0.06796875
1 0.8453125 0.025 0.0234375 0.04921875
1 0.8390625 0.21796875 0.00859375 0.0640625
1 0.85 0.2171875 0.00703125 0.05859375
1 0.90234375 0.23125 0.009375 0.05078125
1 0.90703125 0.03046875 0.01484375 0.0609375
1 0.9078125 0.225 0.00859375 0.0625
1 0.909375 0.13046875 0.01171875 0.06015625
1 0.91640625 0.028125 0.0125 0.05625
1 0.91796875 0.22734375 0.01171875 0.05625
1 0.92265625 0.13203125 0.00859375 0.05625
1 0.92578125 0.228125 0.015625 0.06875
1 0.928125 0.0375 0.0140625 0.07421875
1 0.93046875 0.12734375 0.00625 0.06484375
1 0.9375 0.12734375 0.0140625 0.0703125
1 0.94140625 0.2328125 0.0140625 0.0484375
1 0.94609375 0.03515625 0.01875 0.06796875
1 0.95 0.13671875 0.0109375 0.04921875
1 0.95234375 0.225 0.015625 0.07265625
1 0.95859375 0.0375 0.01640625 0.06875
1 0.96015625 0.3265625 0.0109375 0.05234375
1 0.9609375 0.1421875 0.01171875 0.05625
1 0.965625 0.23046875 0.0203125 0.05703125
1 0.971875 0.134375 0.0125 0.0796875
1 0.971875 0.3203125 0.0125 0.0625
1 0.971875 0.0453125 0.0046875 0.05859375
1 0.9890625 0.325 0.01875 0.05625
