1 0.14296875 0.77734375 0.10390625 0.11875
1 0.14375 0.159375 0.0921875 0.10078125
1 0.246875 0.78203125 0.1 0.109375
1 0.35546875 0.77421875 0.13046875 0.1390625
1 0.353125 0.14765625 0.11171875 0.11796875
1 0.3546875 0.62421875 0.10546875 0.1078125
1 0.46171875 0.61328125 0.13671875 0.1328125
1 0.45703125 0.490625 0.10390625 0.11328125
1 0.46171875 0.778125 0.1 0.1140625
1 0.4546875 0.2625 0.0765625 0.096875
1 0.459375 0.16328125 0.078125 0.0890625
1 0.55625 0.07734375 0.1015625 0.1078125
1 0.596875 0.571875 0.1703125 0.1546875
1 0.6625 0.08046875 0.1 0.090625
1 0.7671875 0.08125 0.09140625 0.0890625
1 0.8640625 0.07890625 0.103125 0.0890625
