1 0.0765625 0.5671875 0.153125 0.859375
1 0.1734375 0.6125 0.10078125 0.76953125
1 0.21640625 0.5734375 0.18671875 0.84765625
1 0.33203125 0.59765625 0.115625 0.7984375
1 0.425 0.6171875 0.0984375 0.759375
1 0.49296875 0.64453125 0.0875 0.7046875
1 0.51875 0.03671875 0.04765625 0.0734375
1 0.553125 0.65625 0.06875 0.68125
1 0.56328125 0.05 0.03828125 0.1
1 0.5828125 0.64609375 0.0578125 0.6578125
1 0.5828125 0.06328125 0.021875 0.1265625
1 0.6171875 0.08984375 0.0328125 0.17890625
1 0.6265625 0.625 0.05 0.59453125
1 0.63984375 0.09921875 0.03203125 0.1984375
