1 0.09609375 0.29375 0.1921875 0.353125
1 0.06640625 0.946875 0.12890625 0.1
1 0.08125 0.728125 0.159375 0.4140625
1 0.07734375 0.05859375 0.11796875 0.1171875
1 0.21328125 0.615625 0.159375 0.22421875
1 0.25234375 0.81015625 0.23515625 0.34375
1 0.18359375 0.09453125 0.0796875 0.18359375
1 0.246875 0.3625 0.11796875 0.209375
1 0.35234375 0.228125 0.2609375 0.42578125
1 0.28125 0.9453125 0.07421875 0.10390625
1 0.3703125 0.20625 0.2265625 0.4125
1 0.3875 0.55546875 0.18125 0.1421875
1 0.39296875 0.40625 0.18046875 0.15078125
1 0.35703125 0.95234375 0.04609375 0.08984375
1 0.3796875 0.66640625 0.0484375 0.109375
1 0.3890625 0.89296875 0.040625 0.12265625
1 0.39140625 0.77578125 0.03984375 0.13515625
1 0.41328125 0.62578125 0.02421875 0.0921875
1 0.42421875 0.71015625 0.0359375 0.1265625
1 0.45234375 0.584375 0.04765625 0.1078125
1 0.45 0.6453125 0.02265625 0.0796875
1 0.45390625 0.70078125 0.02421875 0.09921875
1 0.69609375 0.7765625 0.27734375 0.44140625
1 0.67890625 0.20703125 0.23828125 0.4140625
1 0.71015625 0.728125 0.30078125 0.421875
1 0.678125 0.55625 0.234375 0.14609375
1 0.71015625 0.25 0.3 0.38828125
1 0.646875 0.7953125 0.1671875 0.40390625
1 0.71015625 0.38125 0.2921875 0.18984375
1 0.9265625 0.896875 0.14375 0.2015625
1 0.9265625 0.68828125 0.1421875 0.33984375
1 0.93046875 0.3140625 0.1359375 0.30703125
1 0.934375 0.0890625 0.128125 0.178125
