1 0.16640625 0.12265625 0.2171875 0.17890625
1 0.1875 0.91875 0.20078125 0.15234375
1 0.2046875 0.71171875 0.23515625 0.18046875
1 0.19765625 0.421875 0.21484375 0.17578125
1 0.4171875 0.6796875 0.23359375 0.15234375
1 0.4203125 0.4171875 0.18984375 0.165625
1 0.41875 0.89765625 0.17890625 0.1671875
1 0.4421875 0.14140625 0.2078125 0.1625
1 0.7125 0.88203125 0.20625 0.16015625
1 0.73671875 0.41171875 0.18984375 0.1453125
1 0.76875 0.1609375 0.20234375 0.140625
1 0.89296875 0.8453125 0.20625 0.1484375
1 0.9015625 0.415625 0.18984375 0.146875
1 0.9328125 0.16953125 0.1265625 0.14375
