2 0.06484375 0.76484375 0.1296875 0.46484375
2 0.17109375 0.28203125 0.12578125 0.34765625
2 0.2125 0.74453125 0.12421875 0.49765625
2 0.246875 0.28984375 0.0984375 0.30078125
2 0.34453125 0.290625 0.0609375 0.334375
2 0.3859375 0.74765625 0.09453125 0.5
2 0.446875 0.27890625 0.03828125 0.34140625
2 0.571875 0.7421875 0.084375 0.484375
2 0.571875 0.275 0.07734375 0.36875
2 0.67109375 0.2640625 0.11328125 0.33828125
2 0.7390625 0.7484375 0.1171875 0.49765625
2 0.76796875 0.25 0.11640625 0.31484375
2 0.86484375 0.24375 0.1671875 0.32265625
2 0.9046875 0.7359375 0.1875 0.521875
