1 0.309375 0.15 0.22734375 0.16953125
1 0.325 0.3671875 0.25078125 0.171875
1 0.2953125 0.559375 0.171875 0.16796875
1 0.325 0.7390625 0.1875 0.1703125
1 0.33359375 0.90703125 0.19609375 0.17578125
1 0.475 0.1671875 0.08203125 0.1234375
1 0.5265625 0.53046875 0.053125 0.115625
1 0.53984375 0.51171875 0.0546875 0.11484375
1 0.55625 0.2171875 0.08125 0.0953125
1 0.55625 0.49375 0.0390625 0.1015625
1 0.6421875 0.44453125 0.0265625 0.040625
1 0.64375 0.26484375 0.03046875 0.0296875
1 0.64453125 0.4859375 0.0296875 0.03125
1 0.6453125 0.30859375 0.0265625 0.0390625
1 0.64765625 0.353125 0.028125 0.0390625
1 0.64765625 0.396875 0.0234375 0.0390625
1 0.72265625 0.315625 0.0765625 0.04296875
1 0.72734375 0.26640625 0.08125 0.040625
1 0.7234375 0.3578125 0.0671875 0.04296875
1 0.721875 0.3984375 0.0515625 0.04921875
1 0.81953125 0.40546875 0.07734375 0.0484375
1 0.821875 0.315625 0.07734375 0.0453125
1 0.825 0.26796875 0.08203125 0.04453125
1 0.825 0.3609375 0.08203125 0.04140625
1 0.91875 0.41171875 0.08515625 0.04453125
1 0.91953125 0.3640625 0.0828125 0.0484375
1 0.93125 0.26484375 0.1 0.0453125
1 0.92734375 0.315625 0.0828125 0.040625
1 0.9484375 0.4546875 0.02421875 0.04140625
1 0.98984375 0.40859375 0.01640625 0.03359375
1 0.990625 0.365625 0.015625 0.0375
1 0.99296875 0.315625 0.0109375 0.0328125
1 0.99453125 0.26875 0.00703125 0.0375
