1 0.13984375 0.84765625 0.14375 0.1015625
1 0.215625 0.88203125 0.04765625 0.02734375
1 0.2140625 0.8703125 0.0296875 0.01953125
1 0.234375 0.771875 0.046875 0.0375
1 0.25625 0.8890625 0.05390625 0.0328125
1 0.3171875 0.50625 0.0671875 0.009375
1 0.31875 0.4984375 0.06171875 0.009375
1 0.31875 0.61796875 0.0296875 0.05859375
1 0.334375 0.6484375 0.0390625 0.01328125
1 0.375 0.50625 0.053125 0.01015625
1 0.38203125 0.646875 0.0375 0.015625
1 0.49765625 0.7828125 0.0734375 0.021875
1 0.4984375 0.8015625 0.0734375 0.0171875
1 0.52265625 0.50546875 0.06953125 0.01328125
1 0.52109375 0.90703125 0.059375 0.025
1 0.52734375 0.496875 0.0609375 0.00625
1 0.5578125 0.65234375 0.06328125 0.01015625
1 0.55625 0.6421875 0.0578125 0.009375
1 0.5953125 0.76484375 0.0328125 0.0953125
1 0.6109375 0.49609375 0.0515625 0.0234375
1 0.78359375 0.30234375 0.35078125 0.11171875
1 0.79765625 0.603125 0.35625 0.115625
1 0.64296875 0.7 0.0421875 0.0640625
