1 0.07734375 0.61484375 0.06953125 0.1171875
1 0.1453125 0.61640625 0.0640625 0.1140625
1 0.1828125 0.63671875 0.040625 0.090625
1 0.22578125 0.63984375 0.03828125 0.08515625
1 0.2828125 0.621875 0.06953125 0.121875
1 0.36796875 0.64140625 0.0453125 0.0875
1 0.43828125 0.64453125 0.0421875 0.090625
1 0.4984375 0.6390625 0.046875 0.0953125
1 0.56796875 0.63046875 0.075 0.1359375
1 0.6375 0.65078125 0.04296875 0.0921875
1 0.6921875 0.66328125 0.04609375 0.090625
1 0.76640625 0.62890625 0.08203125 0.1359375
1 0.85546875 0.634375 0.071875 0.1421875
