1 0.46015625 0.55 0.0640625 0.0453125
1 0.509375 0.21640625 0.0359375 0.07421875
1 0.55703125 0.215625 0.03984375 0.07734375
1 0.603125 0.37265625 0.04296875 0.07734375
1 0.61015625 0.3 0.046875 0.05703125
1 0.6140625 0.21953125 0.0515625 0.08046875
1 0.64140625 0.453125 0.05 0.0453125
1 0.63984375 0.378125 0.03828125 0.0671875
1 0.6546875 0.29765625 0.05078125 0.0609375
1 0.6578125 0.21640625 0.0421875 0.05
1 0.6765625 0.45234375 0.046875 0.08203125
1 0.6765625 0.54453125 0.0453125 0.05234375
1 0.6859375 0.390625 0.053125 0.07421875
1 0.68515625 0.29140625 0.03984375 0.0625
1 0.69140625 0.20390625 0.0453125 0.071875
