1 0.03359375 0.340625 0.059375 0.68125
1 0.06328125 0.3609375 0.0578125 0.721875
1 0.14765625 0.3578125 0.184375 0.71484375
1 0.28984375 0.3484375 0.08515625 0.69453125
1 0.3609375 0.3515625 0.07890625 0.703125
1 0.3859375 0.37578125 0.0859375 0.66640625
1 0.45 0.29921875 0.07421875 0.44921875
1 0.49296875 0.28671875 0.05 0.4578125
1 0.54609375 0.35859375 0.0609375 0.5875
1 0.56875 0.36796875 0.06875 0.60078125
1 0.6046875 0.378125 0.0484375 0.6359375
1 0.63671875 0.28046875 0.04296875 0.45546875
1 0.665625 0.2890625 0.0296875 0.4171875
1 0.7078125 0.26328125 0.078125 0.52109375
1 0.753125 0.371875 0.059375 0.59296875
1 0.8078125 0.37578125 0.134375 0.6046875
1 0.88125 0.38671875 0.115625 0.5890625
1 0.9515625 0.38984375 0.09375 0.62734375
