1 0.359375 0.07578125 0.0375 0.06171875
1 0.39296875 0.07890625 0.03203125 0.05546875
1 0.425 0.08046875 0.03203125 0.05
1 0.4625 0.07421875 0.03046875 0.05703125
1 0.6453125 0.07890625 0.03515625 0.0734375
1 0.67734375 0.0734375 0.0421875 0.06171875
1 0.7140625 0.071875 0.0484375 0.08203125
1 0.7671875 0.07109375 0.0453125 0.0921875
1 0.8046875 0.078125 0.0328125 0.08046875
1 0.84453125 0.075 0.03046875 0.07578125
1 0.88671875 0.07265625 0.0484375 0.08671875
1 0.928125 0.08203125 0.0484375 0.0703125
