1 0.0171875 0.58125 0.034375 0.065625
1 0.0546875 0.6484375 0.109375 0.065625
1 0.07421875 0.2953125 0.1484375 0.025
1 0.090625 0.39375 0.18046875 0.0375
1 0.09140625 0.35703125 0.1828125 0.0609375
1 0.10703125 0.4171875 0.203125 0.04375
1 0.09765625 0.3203125 0.17109375 0.0375
1 0.10546875 0.4859375 0.18203125 0.07109375
1 0.0625 0.6875 0.09453125 0.071875
1 0.11875 0.4453125 0.1515625 0.0453125
1 0.1265625 0.55546875 0.15546875 0.08203125
1 0.13046875 0.4640625 0.15546875 0.0453125
1 0.1359375 0.55625 0.14921875 0.084375
1 0.140625 0.56796875 0.13515625 0.07109375
1 0.15 0.6015625 0.13984375 0.0796875
1 0.23671875 0.2671875 0.25390625 0.10234375
1 0.253125 0.1015625 0.203125 0.08203125
1 0.265625 0.3390625 0.21484375 0.09296875
1 0.3046875 0.915625 0.265625 0.16484375
1 0.3578125 0.74296875 0.215625 0.10625
1 0.46953125 0.44453125 0.30234375 0.60859375
1 0.81328125 0.65703125 0.36796875 0.68125
