1 0.0984375 0.825 0.19609375 0.34375
1 0.12265625 0.1609375 0.20234375 0.321875
1 0.296875 0.81953125 0.2015625 0.35078125
1 0.3125 0.1546875 0.1953125 0.309375
1 0.44609375 0.48671875 0.1921875 0.33984375
1 0.5015625 0.8265625 0.2015625 0.33984375
1 0.503125 0.1609375 0.1921875 0.321875
1 0.64375 0.4921875 0.1953125 0.3359375
1 0.69453125 0.15859375 0.196875 0.3171875
1 0.709375 0.83046875 0.2171875 0.3328125
1 0.8421875 0.4953125 0.2078125 0.346875
1 0.88125 0.1640625 0.196875 0.32734375
1 0.89765625 0.828125 0.2 0.3359375
