1 0.03515625 0.80546875 0.06875 0.384375
1 0.07578125 0.61171875 0.06171875 0.77109375
1 0.1296875 0.5265625 0.04765625 0.94140625
1 0.178125 0.68984375 0.05546875 0.61484375
1 0.19609375 0.55234375 0.07109375 0.890625
1 0.23671875 0.66796875 0.03828125 0.65859375
1 0.26640625 0.5578125 0.0515625 0.87890625
1 0.29140625 0.4984375 0.0671875 0.996875
1 0.325 0.59765625 0.0515625 0.79921875
1 0.3484375 0.62734375 0.0578125 0.73984375
1 0.37578125 0.5203125 0.0609375 0.9546875
1 0.40078125 0.55546875 0.05546875 0.884375
1 0.44609375 0.5859375 0.046875 0.82265625
1 0.4703125 0.584375 0.0359375 0.82578125
1 0.49921875 0.56953125 0.0578125 0.85546875
1 0.5203125 0.5765625 0.0296875 0.84140625
1 0.56328125 0.70234375 0.0421875 0.58984375
1 0.56953125 0.62421875 0.04609375 0.74609375
1 0.60078125 0.6234375 0.040625 0.7484375
1 0.65 0.5890625 0.10234375 0.790625
1 0.63359375 0.65703125 0.0390625 0.66015625
1 0.6578125 0.6609375 0.03515625 0.64453125
1 0.709375 0.61484375 0.0578125 0.71640625
1 0.728125 0.55078125 0.06875 0.84375
1 0.7828125 0.5671875 0.0765625 0.7671875
1 0.8109375 0.57265625 0.0734375 0.7578125
1 0.84921875 0.57109375 0.065625 0.7484375
1 0.8703125 0.5640625 0.0703125 0.66640625
1 0.90625 0.553125 0.0703125 0.6734375
1 0.93828125 0.55546875 0.07890625 0.68359375
1 0.95 0.51640625 0.0796875 0.76171875
1 0.984375 0.6671875 0.02734375 0.4828125
