1 0.3046875 0.35546875 0.15234375 0.09375
1 0.3125 0.49453125 0.146875 0.10703125
1 0.315625 0.63203125 0.14453125 0.12890625
1 0.35234375 0.2109375 0.0453125 0.0703125
1 0.5140625 0.50234375 0.203125 0.12265625
1 0.51796875 0.334375 0.19453125 0.13046875
1 0.590625 0.1625 0.06640625 0.115625
1 0.66328125 0.15625 0.06875 0.11953125
1 0.76015625 0.33046875 0.25078125 0.11953125
1 0.7609375 0.5109375 0.2359375 0.146875
1 0.7625 0.6984375 0.23359375 0.16015625
1 0.7375 0.14453125 0.065625 0.11953125
1 0.80078125 0.125 0.0765625 0.14296875
