1 0.2546875 0.4328125 0.04296875 0.146875
1 0.25546875 0.58359375 0.0359375 0.1484375
1 0.259375 0.728125 0.04296875 0.14609375
1 0.29375 0.58671875 0.046875 0.1578125
1 0.29921875 0.43125 0.0515625 0.16015625
1 0.29765625 0.73828125 0.04296875 0.15078125
1 0.3421875 0.75390625 0.0609375 0.17734375
1 0.33984375 0.584375 0.04296875 0.15625
1 0.34453125 0.4140625 0.04609375 0.1640625
1 0.39453125 0.5859375 0.05859375 0.17734375
1 0.39375 0.4015625 0.05 0.18125
1 0.45546875 0.5875 0.075 0.19140625
1 0.45703125 0.3921875 0.06875 0.196875
