1 0.19921875 0.6328125 0.16953125 0.06640625
1 0.2234375 0.56328125 0.1359375 0.03515625
1 0.25 0.7 0.134375 0.0796875
1 0.29453125 0.5296875 0.10234375 0.05390625
1 0.31796875 0.62578125 0.13125 0.05625
1 0.32265625 0.57109375 0.134375 0.06640625
1 0.34765625 0.75078125 0.15703125 0.0625
1 0.35546875 0.71015625 0.128125 0.0703125
1 0.375 0.50625 0.12109375 0.04296875
1 0.41328125 0.6046875 0.134375 0.05546875
1 0.47890625 0.6921875 0.16328125 0.071875
1 0.503125 0.76015625 0.20546875 0.07734375
1 0.4875 0.6 0.134375 0.06171875
1 0.509375 0.71171875 0.11484375 0.04609375
1 0.55234375 0.6265625 0.14375 0.07421875
1 0.5859375 0.73125 0.16640625 0.09765625
1 0.61875 0.6265625 0.07734375 0.0546875
1 0.6921875 0.6078125 0.084375 0.05
1 0.7015625 0.67890625 0.0890625 0.040625
1 0.71328125 0.64375 0.11171875 0.0484375
1 0.728125 0.6984375 0.11796875 0.02734375
