1 0.1734375 0.28671875 0.0171875 0.1109375
1 0.1765625 0.1453125 0.02265625 0.1390625
1 0.18515625 0.29921875 0.01640625 0.13359375
1 0.19296875 0.15078125 0.01484375 0.10859375
1 0.19453125 0.30703125 0.01484375 0.11875
1 0.2015625 0.14609375 0.0203125 0.12890625
1 0.20390625 0.459375 0.00625 0.0890625
1 0.2125 0.30546875 0.0140625 0.115625
1 0.2171875 0.45859375 0.01171875 0.090625
1 0.2203125 0.14453125 0.0171875 0.13359375
1 0.22890625 0.46953125 0.0203125 0.10078125
1 0.22421875 0.3125 0.00703125 0.1125
1 0.2390625 0.31015625 0.01875 0.14921875
1 0.2390625 0.15 0.0109375 0.1359375
1 0.246875 0.47109375 0.01640625 0.11015625
1 0.25 0.13359375 0.0171875 0.12421875
1 0.2578125 0.3078125 0.0296875 0.12890625
1 0.26015625 0.1453125 0.01640625 0.12734375
1 0.26328125 0.4703125 0.01875 0.1375
1 0.27265625 0.30703125 0.025 0.1125
1 0.27109375 0.46640625 0.0109375 0.11875
1 0.27421875 0.15 0.0109375 0.12421875
1 0.2859375 0.47265625 0.01484375 0.1140625
1 0.28828125 0.30859375 0.01953125 0.09921875
1 0.2921875 0.14140625 0.01640625 0.11875
1 0.30703125 0.30546875 0.028125 0.12734375
1 0.31640625 0.30234375 0.0234375 0.1125
1 0.31171875 0.1453125 0.01171875 0.1203125
1 0.32578125 0.1421875 0.0125 0.1375
1 0.33984375 0.31015625 0.0234375 0.09921875
1 0.33828125 0.1453125 0.0109375 0.134375
1 0.3515625 0.31171875 0.021875 0.10546875
1 0.35078125 0.14140625 0.015625 0.13046875
1 0.36796875 0.30546875 0.0296875 0.11875
1 0.36484375 0.1453125 0.0125 0.134375
1 0.3796875 0.4640625 0.025 0.14375
1 0.37734375 0.15390625 0.0109375 0.1375
1 0.3875 0.303125 0.02734375 0.1140625
1 0.39140625 0.1421875 0.00703125 0.10859375
1 0.39921875 0.14921875 0.0125 0.1140625
1 0.4046875 0.30078125 0.0171875 0.115625
1 0.41328125 0.14375 0.01171875 0.12265625
1 0.4203125 0.45 0.01484375 0.0890625
1 0.425 0.30078125 0.0234375 0.13046875
1 0.42421875 0.15 0.00703125 0.0984375
1 0.434375 0.13828125 0.0109375 0.1125
1 0.4390625 0.30625 0.021875 0.1203125
1 0.45078125 0.14140625 0.0125 0.12734375
1 0.46015625 0.31015625 0.02734375 0.14375
1 0.4703125 0.30078125 0.028125 0.13046875
1 0.46484375 0.140625 0.009375 0.12578125
1 0.47734375 0.14609375 0.01484375 0.10546875
1 0.5046875 0.29765625 0.01171875 0.12421875
1 0.509375 0.14296875 0.01171875 0.10703125
1 0.51875 0.46484375 0.0234375 0.115625
1 0.52109375 0.12734375 0.01484375 0.10859375
1 0.5265625 0.44921875 0.0234375 0.15234375
1 0.5234375 0.30078125 0.015625 0.13046875
1 0.53203125 0.30078125 0.0203125 0.13046875
1 0.5375 0.4578125 0.02265625 0.1421875
1 0.534375 0.1484375 0.01171875 0.1125
1 0.5515625 0.4609375 0.0265625 0.1171875
1 0.54921875 0.3109375 0.01875 0.10390625
1 0.54921875 0.146875 0.0046875 0.11875
1 0.5640625 0.29921875 0.0265625 0.12734375
1 0.5625 0.1375 0.0140625 0.1171875
1 0.5625 0.43828125 0.01171875 0.071875
1 0.571875 0.41796875 0.015625 0.05390625
1 0.5734375 0.140625 0.0140625 0.12890625
1 0.58671875 0.30859375 0.01953125 0.10859375
1 0.59296875 0.29453125 0.025 0.12890625
1 0.58671875 0.13828125 0.009375 0.1125
1 0.60234375 0.13828125 0.01953125 0.13359375
1 0.60859375 0.296875 0.02265625 0.12265625
1 0.61640625 0.14609375 0.01484375 0.1171875
1 0.62421875 0.2984375 0.025 0.134375
1 0.634375 0.12890625 0.0109375 0.12890625
1 0.6390625 0.30078125 0.0203125 0.12421875
1 0.6453125 0.1328125 0.01171875 0.12421875
1 0.6546875 0.30546875 0.0171875 0.11015625
1 0.66015625 0.46796875 0.0296875 0.121875
1 0.67265625 0.46484375 0.0359375 0.13046875
1 0.659375 0.1390625 0.0078125 0.1203125
1 0.67734375 0.29609375 0.0203125 0.12890625
1 0.67265625 0.134375 0.0046875 0.12265625
1 0.6921875 0.46875 0.03515625 0.1109375
1 0.6828125 0.14375 0.00703125 0.12265625
1 0.69609375 0.29375 0.0265625 0.13359375
1 0.7 0.46796875 0.03125 0.115625
1 0.69453125 0.1375 0.00859375 0.12265625
1 0.72734375 0.3015625 0.05625 0.1171875
1 0.70546875 0.13359375 0.0046875 0.12578125
1 0.71796875 0.4609375 0.0265625 0.12265625
1 0.71796875 0.13125 0.015625 0.13046875
1 0.7484375 0.303125 0.05546875 0.09375
1 0.73046875 0.4390625 0.015625 0.08515625
1 0.73515625 0.13671875 0.00703125 0.11875
1 0.7390625 0.43046875 0.01171875 0.05859375
1 0.75234375 0.134375 0.00859375 0.12265625
1 0.76796875 0.13359375 0.00859375 0.12578125
1 0.778125 0.15234375 0.0078125 0.10546875
