1 0.14140625 0.478125 0.084375 0.0703125
1 0.14296875 0.3890625 0.08046875 0.06875
1 0.17265625 0.5515625 0.071875 0.05625
1 0.24140625 0.46640625 0.09765625 0.07734375
1 0.25390625 0.3859375 0.0859375 0.06640625
1 0.23984375 0.56171875 0.04921875 0.0578125
1 0.3140625 0.8171875 0.109375 0.103125
1 0.31640625 0.46796875 0.07578125 0.05
1 0.3453125 0.3890625 0.08828125 0.06875
1 0.43984375 0.14296875 0.09609375 0.07734375
1 0.446875 0.21953125 0.09140625 0.05859375
1 0.45703125 0.8375 0.09921875 0.10078125
1 0.459375 0.38359375 0.08828125 0.09765625
1 0.4828125 0.48828125 0.06640625 0.0765625
1 0.55078125 0.2296875 0.09921875 0.04765625
1 0.553125 0.1578125 0.103125 0.06171875
1 0.57421875 0.8640625 0.109375 0.0890625
1 0.5890625 0.571875 0.09765625 0.084375
1 0.590625 0.50234375 0.0765625 0.0734375
1 0.6234375 0.39921875 0.134375 0.0890625
1 0.63359375 0.23828125 0.0765625 0.040625
1 0.65703125 0.1578125 0.08984375 0.0578125
1 0.66171875 0.5953125 0.06796875 0.06640625
1 0.6921875 0.8546875 0.12109375 0.09375
1 0.6921875 0.50546875 0.0796875 0.06953125
1 0.71796875 0.596875 0.06875 0.06171875
1 0.76328125 0.41171875 0.140625 0.096875
1 0.7703125 0.24609375 0.0640625 0.04296875
1 0.790625 0.15625 0.1 0.06875
1 0.7796875 0.5140625 0.07265625 0.065625
1 0.78828125 0.61484375 0.0453125 0.0421875
1 0.84609375 0.521875 0.07578125 0.0671875
1 0.85625 0.24140625 0.071875 0.07109375
1 0.865625 0.17421875 0.03515625 0.04609375
1 0.8890625 0.4328125 0.0640625 0.0703125
1 0.90703125 0.52265625 0.0640625 0.06640625
1 0.93046875 0.178125 0.0765625 0.0453125
1 0.9421875 0.2515625 0.0796875 0.06875
