1 0.0328125 0.55 0.065625 0.2796875
1 0.05546875 0.87890625 0.1109375 0.23671875
1 0.06015625 0.30546875 0.1203125 0.19921875
1 0.06953125 0.1421875 0.1296875 0.13671875
1 0.1 0.63359375 0.1890625 0.26171875
1 0.11640625 0.4 0.14140625 0.20703125
1 0.128125 0.1421875 0.07421875 0.134375
1 0.175 0.3609375 0.14453125 0.26171875
1 0.2328125 0.78046875 0.228125 0.3609375
1 0.196875 0.15390625 0.12421875 0.1640625
1 0.3046875 0.36875 0.15625 0.21484375
1 0.3015625 0.48671875 0.140625 0.2265625
1 0.371875 0.1578125 0.2125 0.23046875
1 0.4046875 0.81875 0.18125 0.3140625
1 0.43359375 0.4453125 0.1265625 0.20078125
1 0.5421875 0.14375 0.1125 0.12109375
1 0.57421875 0.8671875 0.17578125 0.26015625
1 0.57734375 0.603125 0.16484375 0.24375
1 0.6375 0.11328125 0.12890625 0.140625
1 0.71015625 0.5203125 0.17109375 0.26171875
1 0.76953125 0.846875 0.2015625 0.30078125
1 0.7421875 0.128125 0.1234375 0.13671875
1 0.78828125 0.3 0.20390625 0.21484375
1 0.88203125 0.47734375 0.23125 0.29296875
1 0.81953125 0.115625 0.10078125 0.165625
1 0.86953125 0.1296875 0.16875 0.1703125
