1 0.28046875 0.934375 0.02421875 0.04609375
1 0.3046875 0.93359375 0.0171875 0.04765625
1 0.3171875 0.89375 0.0171875 0.05234375
1 0.33671875 0.946875 0.040625 0.04609375
1 0.33046875 0.85625 0.01640625 0.05390625
1 0.3390625 0.89609375 0.0203125 0.04609375
1 0.346875 0.81640625 0.025 0.04375
1 0.3546875 0.8546875 0.0265625 0.0453125
1 0.3578125 0.9 0.021875 0.0453125
1 0.35859375 0.775 0.02421875 0.04609375
1 0.35859375 0.9296875 0.01875 0.02265625
1 0.36640625 0.8140625 0.01953125 0.0421875
1 0.3734375 0.8578125 0.028125 0.03671875
1 0.378125 0.9015625 0.02421875 0.03671875
1 0.390625 0.93671875 0.0296875 0.03671875
1 0.55546875 0.875 0.0234375 0.04921875
1 0.56484375 0.821875 0.02265625 0.0578125
1 0.575 0.865625 0.02421875 0.04609375
1 0.58203125 0.784375 0.01953125 0.03125
1 0.58828125 0.82109375 0.02265625 0.0421875
1 0.59140625 0.74296875 0.01875 0.05234375
1 0.5984375 0.8625 0.02265625 0.03515625
1 0.60078125 0.778125 0.01484375 0.04375
1 0.60546875 0.90625 0.01953125 0.05234375
1 0.61328125 0.81328125 0.021875 0.040625
1 0.62421875 0.90390625 0.03046875 0.05390625
1 0.62109375 0.86328125 0.0171875 0.03671875
