1 0.18515625 0.7 0.3703125 0.2234375
1 0.10234375 0.43359375 0.18125 0.196875
1 0.05234375 0.11875 0.0671875 0.2375
1 0.04609375 0.91328125 0.04140625 0.1671875
1 0.1 0.9078125 0.065625 0.17890625
1 0.1046875 0.1390625 0.05546875 0.2046875
1 0.1828125 0.93203125 0.15703125 0.1296875
1 0.1484375 0.13203125 0.065625 0.21875
1 0.23671875 0.93046875 0.13828125 0.1296875
1 0.23125 0.440625 0.09453125 0.18359375
1 0.20390625 0.1359375 0.0171875 0.20625
1 0.23671875 0.13203125 0.0359375 0.2078125
1 0.26640625 0.13203125 0.02421875 0.21484375
1 0.28671875 0.44609375 0.04453125 0.159375
1 0.30078125 0.13984375 0.03828125 0.20703125
1 0.33125 0.1359375 0.04609375 0.21484375
1 0.34296875 0.4421875 0.05390625 0.165625
1 0.40859375 0.42890625 0.096875 0.17578125
1 0.38359375 0.1484375 0.0328125 0.2015625
1 0.4171875 0.15234375 0.04296875 0.19921875
1 0.44375 0.12734375 0.046875 0.24296875
1 0.5 0.4109375 0.103125 0.1203125
1 0.48125 0.13125 0.02578125 0.2359375
1 0.5125 0.13203125 0.02421875 0.234375
1 0.53984375 0.1265625 0.034375 0.234375
1 0.57734375 0.11796875 0.0515625 0.21015625
1 0.6203125 0.10859375 0.0484375 0.2109375
1 0.66171875 0.1359375 0.02890625 0.1234375
1 0.69296875 0.15703125 0.04296875 0.1546875
1 0.73203125 0.15 0.05859375 0.19140625
1 0.7703125 0.1375 0.05703125 0.2171875
1 0.790625 0.3953125 0.09296875 0.10859375
1 0.79609375 0.128125 0.0359375 0.2265625
1 0.83203125 0.1390625 0.046875 0.190625
1 0.86171875 0.4125 0.0859375 0.1171875
1 0.8671875 0.128125 0.02578125 0.21171875
1 0.90546875 0.13515625 0.0375 0.20390625
1 0.9453125 0.434375 0.1015625 0.1546875
1 0.9328125 0.153125 0.0375 0.18671875
1 0.9625 0.1671875 0.02734375 0.1484375
