1 0.128125 0.35390625 0.0734375 0.121875
1 0.209375 0.36484375 0.053125 0.0875
1 0.26796875 0.36640625 0.0578125 0.11015625
1 0.48515625 0.503125 0.0203125 0.075
1 0.50703125 0.58671875 0.0328125 0.065625
1 0.5078125 0.50078125 0.01953125 0.0703125
1 0.5265625 0.50546875 0.021875 0.06171875
1 0.534375 0.5828125 0.0296875 0.0671875
1 0.5796875 0.42578125 0.02265625 0.05
1 0.60625 0.5015625 0.021875 0.06328125
1 0.62109375 0.43359375 0.0171875 0.05234375
1 0.62109375 0.4953125 0.015625 0.05703125
