2 0.178125 0.80390625 0.35625 0.0640625
2 0.18359375 0.69375 0.3609375 0.059375
2 0.18515625 0.7421875 0.3609375 0.0578125
2 0.18359375 0.8625 0.359375 0.0421875
2 0.1859375 0.95703125 0.359375 0.06875
2 0.18828125 0.52578125 0.321875 0.0625
2 0.18515625 0.6078125 0.303125 0.05625
2 0.38984375 0.69375 0.05 0.4015625
2 0.428125 0.6921875 0.04375 0.403125
2 0.46640625 0.7 0.04375 0.4515625
2 0.50703125 0.69609375 0.046875 0.4328125
2 0.56484375 0.68359375 0.05625 0.3828125
2 0.63671875 0.70546875 0.059375 0.4390625
