2 0.2359375 0.8546875 0.359375 0.1015625
2 0.221875 0.74609375 0.3625 0.0953125
2 0.23203125 0.79296875 0.3625 0.0953125
2 0.25078125 0.91171875 0.3578125 0.0796875
2 0.26953125 0.97578125 0.3609375 0.0484375
2 0.196875 0.5796875 0.325 0.0953125
2 0.20859375 0.6609375 0.3046875 0.0875
2 0.425 0.71015625 0.0921875 0.4015625
2 0.4625 0.7015625 0.0859375 0.403125
2 0.5015625 0.70234375 0.090625 0.45
2 0.54140625 0.6921875 0.090625 0.4328125
2 0.5953125 0.66953125 0.0953125 0.384375
2 0.6703125 0.67890625 0.1046875 0.440625
