2 0.16640625 0.18671875 0.2546875 0.3734375
2 0.953125 0.79453125 0.0515625 0.2015625
2 0.93203125 0.84453125 0.0953125 0.3109375
2 0.8953125 0.81015625 0.14375 0.3796875
2 0.9265625 0.33046875 0.078125 0.33125
2 0.840625 0.84296875 0.090625 0.3140625
2 0.88515625 0.325 0.071875 0.3203125
2 0.78984375 0.84453125 0.0890625 0.3109375
2 0.8390625 0.31953125 0.0765625 0.3484375
2 0.7453125 0.8328125 0.090625 0.334375
2 0.77421875 0.31484375 0.065625 0.3421875
2 0.73515625 0.30859375 0.06875 0.3265625
2 0.70546875 0.315625 0.0640625 0.3046875
2 0.60703125 0.80859375 0.0765625 0.3828125
2 0.665625 0.296875 0.0609375 0.3328125
2 0.57109375 0.8078125 0.0765625 0.384375
2 0.63515625 0.2828125 0.065625 0.346875
2 0.59453125 0.27890625 0.071875 0.3265625
2 0.52578125 0.796875 0.0765625 0.40625
2 0.56796875 0.284375 0.0671875 0.3078125
2 0.4875 0.796875 0.0765625 0.3875
2 0.53046875 0.27265625 0.0640625 0.321875
2 0.4375 0.7921875 0.0765625 0.403125
2 0.45859375 0.20859375 0.0890625 0.390625
2 0.38984375 0.7828125 0.0875 0.4109375
2 0.34609375 0.78046875 0.0859375 0.40625
2 0.41796875 0.21328125 0.075 0.3734375
2 0.3828125 0.18984375 0.08125 0.3796875
2 0.29609375 0.7734375 0.10625 0.4109375
2 0.3453125 0.1984375 0.0796875 0.36875
2 0.2515625 0.76875 0.1109375 0.409375
2 0.3125 0.19453125 0.078125 0.3890625
2 0.19375 0.8046875 0.0984375 0.325
2 0.278125 0.1875 0.0671875 0.3578125
2 0.2390625 0.18671875 0.075 0.36875
2 0.20625 0.1859375 0.078125 0.371875
2 0.171875 0.17734375 0.08125 0.3546875
2 0.13515625 0.17421875 0.0859375 0.3484375
2 0.1 0.16875 0.084375 0.3375
