2 0.94609375 0.6625 0.1078125 0.46875
2 0.9015625 0.29375 0.1609375 0.265625
2 0.90234375 0.63671875 0.1953125 0.5546875
2 0.80078125 0.07109375 0.1203125 0.1421875
2 0.6796875 0.17265625 0.3125 0.1078125
2 0.6828125 0.20625 0.3171875 0.1046875
2 0.8328125 0.65703125 0.24375 0.55625
2 0.6515625 0.0359375 0.10625 0.071875
2 0.5875 0.31796875 0.359375 0.1875
2 0.56875 0.12578125 0.2890625 0.103125
2 0.56953125 0.1578125 0.3 0.09375
2 0.72578125 0.68046875 0.221875 0.54375
2 0.59765625 0.03828125 0.0765625 0.0765625
2 0.55703125 0.05703125 0.0796875 0.1140625
2 0.51484375 0.03984375 0.0546875 0.0796875
2 0.6296875 0.70234375 0.19375 0.5484375
2 0.48046875 0.0484375 0.0484375 0.096875
2 0.44921875 0.0515625 0.0453125 0.103125
2 0.415625 0.0609375 0.053125 0.1109375
2 0.52421875 0.72890625 0.2078125 0.5421875
2 0.35078125 0.315625 0.15625 0.421875
2 0.415625 0.75234375 0.2 0.4953125
2 0.31953125 0.73203125 0.2015625 0.5359375
2 0.2234375 0.32734375 0.1453125 0.384375
2 0.17109375 0.765625 0.2828125 0.46875
2 0.0578125 0.3609375 0.115625 0.26875
