2 0.88828125 0.24609375 0.2234375 0.4203125
2 0.0078125 0.68359375 0.015625 0.2015625
2 0.01953125 0.76484375 0.0390625 0.3671875
2 0.053125 0.7390625 0.10625 0.43125
2 0.12265625 0.2390625 0.0734375 0.33125
2 0.0859375 0.7796875 0.084375 0.359375
2 0.1640625 0.24296875 0.065625 0.3203125
2 0.13515625 0.7890625 0.084375 0.35
2 0.21015625 0.24765625 0.071875 0.3484375
2 0.1828125 0.7859375 0.084375 0.3671875
2 0.275 0.2578125 0.059375 0.3421875
2 0.3140625 0.26015625 0.0640625 0.3265625
2 0.34140625 0.27421875 0.0578125 0.3046875
2 0.325 0.784375 0.0703125 0.3984375
2 0.384375 0.26484375 0.05625 0.3328125
2 0.359375 0.7890625 0.06875 0.39375
2 0.4171875 0.2578125 0.059375 0.346875
2 0.45703125 0.26328125 0.0671875 0.3265625
2 0.40703125 0.78671875 0.06875 0.4109375
2 0.48203125 0.27421875 0.0609375 0.3078125
2 0.44609375 0.7921875 0.0703125 0.3890625
2 0.521875 0.27109375 0.0578125 0.321875
2 0.4953125 0.7984375 0.0703125 0.403125
2 0.60625 0.225 0.0828125 0.390625
2 0.54296875 0.796875 0.0796875 0.40625
2 0.58671875 0.80234375 0.0796875 0.3953125
2 0.64453125 0.2390625 0.06875 0.3734375
2 0.684375 0.221875 0.075 0.3859375
2 0.6359375 0.803125 0.1 0.39375
2 0.71875 0.240625 0.0734375 0.36875
2 0.68125 0.80625 0.103125 0.3875
2 0.7515625 0.24296875 0.071875 0.3921875
2 0.7296875 0.8515625 0.09375 0.296875
2 0.78671875 0.24609375 0.0609375 0.3578125
2 0.82421875 0.25390625 0.06875 0.36875
2 0.859375 0.2515625 0.0703125 0.390625
2 0.89453125 0.24921875 0.075 0.375
2 0.93203125 0.2484375 0.0796875 0.38125
2 0.9640625 0.25078125 0.071875 0.3734375
