2 0.0515625 0.69765625 0.103125 0.4671875
2 0.08515625 0.321875 0.1453125 0.2625
2 0.09453125 0.665625 0.1890625 0.553125
2 0.165625 0.08125 0.10625 0.1625
2 0.2984375 0.1859375 0.3125 0.0875
2 0.296875 0.21953125 0.31875 0.084375
2 0.17890625 0.68046875 0.209375 0.5546875
2 0.31328125 0.040625 0.0984375 0.08125
2 0.4 0.32421875 0.35625 0.165625
2 0.40546875 0.13125 0.290625 0.084375
2 0.40703125 0.16328125 0.3015625 0.0734375
2 0.28671875 0.6953125 0.1875 0.54375
2 0.36796875 0.04140625 0.0703125 0.0828125
2 0.41171875 0.05859375 0.0703125 0.1171875
2 0.453125 0.040625 0.05 0.08125
2 0.38515625 0.7109375 0.1578125 0.55
2 0.48828125 0.0484375 0.0421875 0.096875
2 0.51796875 0.05 0.0390625 0.1
2 0.55390625 0.05625 0.0453125 0.109375
2 0.4921875 0.72890625 0.171875 0.5421875
2 0.6359375 0.30546875 0.128125 0.4234375
2 0.6015625 0.74921875 0.165625 0.5015625
2 0.69765625 0.725 0.1640625 0.55
2 0.7640625 0.30859375 0.1203125 0.3859375
2 0.84921875 0.7546875 0.2484375 0.490625
2 0.9375 0.3296875 0.1125 0.2671875
